949071
756364
484166
137509
752343
28102
522352
312919
343861
704008
919286
451322
589011
911425
221736
861256
685433
796978
210734
467977
131087
14221
278688
370300
518465
135400
21941
623713
710715
954718
690258
32929
402580
872771
755332
633371
353479
896705
824777
118220
825051
48275
635785
27226
686693
142046
257762
912317
433444
755495
43552
366027
266122
579253
55436
791966
180058
57220
743387
171748
279852
977955
67464
319042
970638
954411
38076
843877
845253
853276
154984
93992
154289
98005
674741
769499
322702
678832
426323
324406
504534
108536
368622
440346
384644
206471
971455
457600
431028
739713
906111
812992
935143
317479
793718
464128
597474
975704
781297
354807
27509
185450
593809
98653
170457
924897
980992
661041
374579
639114
322751
703526
123253
707575
593691
572267
985828
286424
19902
676566
1588
978417
18402
183916
526159
641597
473632
480719
128564
75679
467751
242885
275900
964161
288328
525281
11833
367564
784877
941200
519415
876674
893226
926210
56548
595835
919148
540978
735244
860602
154637
664468
615484
83371
177482
923610
155528
627003
207564
718692
492585
794324
584290
646658
629822
748660
975952
286566
609267
932969
32257
835819
831167
559467
343127
541180
103623
664725
143907
4386
874912
485377
822512
711342
554418
452800
814522
160639
828983
431219
471164
84401
418275
424522
476839
563555
214750
466518
25774
81890
339053
441676
781886
108983
631470
837976
325131
434185
860802
493019
423174
224241
929861
109123
792619
339353
998328
565318
598070
921423
680768
963067
14773
524716
264519
319509
766521
386011
511873
301628
811302
753736
387977
289546
566698
727335
943337
738463
181578
890270
666745
299873
876504
303120
976286
508115
311745
806279
883380
721105
754051
260477
901766
732581
786107
648583
352634
414025
264988
729183
798602
437050
345724
729996
605101
616758
75272
444208
812820
917906
819416
468270
208207
629625
598686
132982
304336
637509
138551
892846
52168
783347
60516
279486
693934
597063
970898
129848
477278
668283
352789
677603
534494
224101
437875
653731
836795
609636
928029
300102
782610
192902
868345
109229
887914
248570
4570
633557
864511
639212
903953
454081
790810
152323
291677
64454
345691
439411
860605
698546
403225
562111
307879
610842
852640
657231
306961
647871
199449
546281
289964
657436
102791
610127
340720
155151
852973
609973
60370
440673
304910
215774
284819
90996
821772
288786
885746
864520
366322
938814
34306
397098
475341
224488
326102
480825
94581
438668
201624
120214
129769
622168
898233
282471
257048
963713
58306
634376
203644
80128
397961
400784
824801
242925
85632
298875
683588
306486
963944
737913
421206
110204
302243
6738
279840
64202
295590
798964
352576
668978
412365
817819
529361
35910
606152
699867
62505
148528
711603
875533
993467
830767
282948
711636
37277
133678
584413
637771
853733
826563
638722
923212
97132
485121
865444
706143
967796
454138
230428
460478
604454
258196
386419
454402
366772
724166
342046
725227
215837
280496
6151
969872
278927
394389
498438
672929
648230
990134
302959
895958
970962
802955
124100
645047
501143
544992
851467
834886
48175
465739
138107
245836
888522
348422
72464
939967
504629
422125
904638
401101
347608
299989
539521
13127
607642
918662
533523
148525
595359
55895
524983
791954
800817
511589
200627
226860
336636
926639
66202
405434
810419
657105
415431
290194
391185
522395
531302
314246
75450
405838
402220
816626
457472
178738
281639
195749
392577
51031
203823
638634
134317
858086
754940
538674
169765
674082
449746
154463
133119
716673
572759
850799
281958
525729
194565
164547
385310
121641
227322
249675
991334
76477
332140
75921
537462
224285
302139
639966
306536
555099
125791
579916
868531
199031
892032
207786
675218
679832
810085
283141
116739
452713
937348
873561
847979
204174
315639
859476
819670
154370
553232
709123
904221
611983
918531
568348
961697
471592
970242
216038
628083
589926
524966
288265
78998
935645
959368
759982
978652
426267
968560
610002
620012
24189
949413
595949
824357
147437
536931
962361
340893
862011
551915
754913
103811
9687
639412
354823
966050
590441
16127
941810
411526
106637
28808
998675
612217
928622
868440
810034
260134
290174
975288
255290
615967
51023
427008
745885
790970
448785
84173
769893
482838
522664
355216
381785
29563
327145
299459
437768
606816
559858
646584
459572
386310
587811
179018
162270
35393
812029
353204
352107
739606
651797
824128
394480
438656
96500
430999
725855
230989
16462
404727
946893
772134
815070
368900
213727
753067
150426
4725
16273
260284
113048
227823
96226
935189
191613
444783
324063
480593
128925
455840
376459
490383
164469
642572
399336
464562
521536
178991
266789
512322
640505
97383
767588
66544
321390
658184
544871
558134
776958
166669
788438
856029
661935
316905
935343
416280
434926
53627
257866
43598
574820
600351
708040
188597
413489
429024
27864
45786
689479
302668
186789
789501
691494
210529
386848
162328
721327
530403
211557
295040
691240
728271
108108
978149
410443
743977
537935
531188
634059
676018
649235
871707
639844
315958
605653
703916
33117
366721
757810
469531
165149
772146
643666
51489
774823
232295
79411
797955
641396
350936
4686
126829
271468
99328
737831
569400
914688
232437
609718
553355
917159
542041
519213
133277
940530
417513
66662
175256
16590
619634
136363
38553
264406
843620
681633
188052
82323
285567
607185
279637
97425
621674
815124
337185
174558
732066
972571
405179
864610
945999
996953
667906
674070
895475
777869
767416
884898
966523
539439
280605
549655
319480
338806
276026
859590
928743
337220
169337
633979
178476
38191
601329
592217
161950
704941
144832
533843
438651
843291
882961
312517
926524
818090
491838
734509
265476
485927
827983
543497
656498
596069
188063
651597
518357
227016
735007
208449
101759
621105
825780
733365
78002
209921
219260
453602
133752
907916
546798
933279
414415
174940
869023
672124
844288
636575
869217
761663
755536
180782
640454
919160
364432
307130
86530
627203
201679
67861
834223
653402
561072
510106
643113
345876
39062
611643
190105
180478
169403
108709
70096
932693
290400
724306
475081
66397
835231
802154
781329
308704
600988
525079
422274
259206
322842
831460
332202
489742
913898
849552
494667
507815
212221
331445
674044
592557
705755
394768
61805
480195
859884
684013
781192
82121
87860
754032
375858
962234
36188
251585
597232
508965
514859
372501
781479
446214
327124
838806
370940
129473
411816
159791
671706
550970
205292
608117
530449
781203
802693
867573
95323
59203
247504
869526
458619
970831
136654
39339
540223
252072
690748
896088
824804
43490
662017
803293
195160
300428
14401
598404
80218
2224
381647
694563
655294
357224
946559
812879
394124
3995
380248
568925
206344
392467
293673
627286
154189
183676
444659
925366
568659
589628
51203
115361
234895
644137
774499
27939
333497
575211
373926
384098
985065
981744
249058
910499
298395
266565
326203
616053
722514
788760
235417
277309
401432
278855
834683
602335
