291317
841020
756724
368996
122119
990226
238182
230670
773532
570631
943646
74070
215780
344039
52791
167816
457734
698002
612602
24020
432086
159174
634977
473831
65956
593543
499766
353510
730350
642345
704218
371719
538165
853690
389858
469835
966572
286990
726172
861532
123661
66983
592367
894335
604167
941057
398880
457909
179922
758584
762417
471028
8930
680023
21668
400701
313273
526846
525661
15578
37463
905903
121189
832694
278029
604789
613323
906072
118128
790001
714981
583933
432424
655234
739380
897106
383144
136272
883237
807627
615096
964342
919796
380835
797933
844490
69867
600816
937979
742409
746185
794850
367009
170916
554877
561048
529346
303329
441809
816350
832404
727664
151908
174407
790449
673099
91664
834340
507659
840456
714346
745758
131965
699070
993959
474549
542908
399954
768283
156949
60524
785117
669149
644882
681487
628795
334471
126529
269592
246003
970202
377906
922398
427390
22846
511181
641580
34294
148454
607880
681781
889628
794194
331586
4388
735750
799662
295807
807506
879971
607896
389633
628881
391980
657983
134783
524581
27625
445223
196420
229202
936925
941128
282855
302353
75216
719958
254947
516572
363511
737500
267986
281449
206529
514434
754827
95603
252928
803565
76180
323763
677491
659013
214918
227566
615852
442834
860092
195240
977698
928128
319351
836150
825109
942081
719058
707249
443418
452881
766556
705734
57218
230805
301271
51819
492907
482461
95052
596716
601378
723912
590537
1635
956979
301127
446457
794630
33296
960058
661150
272922
756890
367862
125037
602054
728526
522984
597381
747970
164431
896211
585230
972078
593868
247093
571243
510335
808909
370183
589979
430484
13792
248612
802673
981607
114586
478209
78062
504799
883468
804058
168760
883010
808644
439726
34617
77191
523068
721312
54615
76681
554532
488063
274507
654360
417095
837535
228128
960874
715996
496486
481482
258415
966636
24867
49953
380994
44506
319384
255864
273147
356564
164120
386270
862433
256149
675659
386929
861501
936340
246031
784537
18697
467468
291961
148840
810632
486569
158201
944268
279023
274252
179547
50351
833025
583163
218154
599980
148728
887976
317743
67437
294111
133404
151575
886373
116413
592768
158450
9959
119083
122696
552728
742754
183751
697853
378982
269817
300737
467237
305638
929475
792082
184976
339213
614300
691789
172226
989917
197222
515726
104824
678315
504160
651982
787161
964795
142432
973529
937722
533127
855408
50582
892174
871903
934403
576453
349097
675114
133715
262152
971759
926602
690200
930200
271325
771102
714726
359768
128371
413793
916260
70086
576701
387695
338660
162958
272701
575336
925476
601081
886263
913837
947616
65282
73497
834119
804562
235209
398276
106856
432456
688289
539451
121737
405151
521284
940711
187122
717665
861222
163972
826904
586745
976934
32876
420128
110095
608801
343486
604738
901124
484193
892395
107913
362891
329331
694493
113718
678818
337623
127427
368644
407788
851088
184765
25287
659181
242586
214177
476782
799713
223547
935336
717799
557689
855794
409593
632545
606259
718412
88783
722477
808533
481558
475017
800830
268485
366509
263886
283855
159368
318001
653658
250148
573205
826072
551466
809576
408085
846878
188480
218549
635578
290202
804627
951347
386297
671788
630103
763351
322725
671827
333028
463501
159402
944923
727686
378480
632226
780403
706976
75638
734807
484061
554621
3625
800150
763582
799861
783760
687212
479893
352568
928364
986944
525961
159290
497566
545996
