975017
512182
87868
353370
147043
251818
386020
497258
945263
564388
23546
452569
291193
837884
70155
679841
285993
723839
953714
425325
960361
850484
824750
735149
261588
700346
401310
469898
915324
939533
831067
317939
491928
808551
485106
262102
469512
291267
595645
841899
815879
280637
964573
802474
557036
499413
148949
885213
703645
17810
829766
747792
76305
391299
728131
734884
509951
657632
369616
774787
523688
434448
295164
377197
197118
314116
5528
231537
491888
66816
959443
572600
458451
977594
667187
79676
488430
478363
355442
270358
634274
746082
20851
434548
665652
16104
558879
68840
912057
812990
733345
368286
346525
5618
861050
164006
816463
313009
413505
835439
419084
621830
695291
609429
415303
833792
514258
483409
442866
891442
266486
756879
685164
707988
927565
71389
525831
505671
614424
933631
247476
22134
472931
302239
500558
512152
547176
767265
410111
61777
253698
221333
712403
569208
214601
6342
909335
340852
464014
78895
589037
533823
140788
741261
537584
40333
876457
93904
480830
251781
865664
395691
158502
938606
774061
772555
752495
851685
541788
387300
846275
265098
753902
931942
361975
443387
965009
295055
679864
289208
269434
215386
797139
749990
900226
672405
658016
660207
171034
430800
981004
754054
170284
794993
472130
475208
353040
609573
247030
157630
512680
190961
410830
84671
456217
773158
801901
581235
642534
416755
713308
755186
799466
589716
512663
974602
559794
554344
532466
759071
127541
384801
190694
58733
497521
25749
869564
301226
336675
637681
187349
119111
654753
930124
778195
906772
514584
274137
536936
848515
57182
721847
512441
314884
942259
304739
322798
299664
651801
181389
616601
926402
648013
787272
716800
371807
808097
788762
128713
241142
595063
64243
79169
198115
249884
98107
765192
290157
171582
292036
862813
862543
335307
106591
293186
808468
159272
958794
604428
679003
967883
69511
37897
259194
908918
423112
628941
130431
109137
916997
936219
290898
14434
606960
280109
387574
350123
816768
27937
188974
901600
823338
847168
511356
422595
701423
916203
396676
170462
926286
733924
740816
7836
250969
948214
101037
554373
49509
898562
150578
680597
25627
952360
633760
386423
363115
727054
866661
5923
810593
894544
192507
765969
247247
822340
1774
727576
630762
968040
36922
675880
22129
927595
237522
582752
412360
79316
865149
488589
946595
417043
847451
862208
202589
380067
77510
73867
253737
968856
778772
650392
111455
173578
752504
401765
873784
171486
334792
745632
455317
740590
800665
273754
357305
160276
38278
190379
117912
465176
454288
172899
447495
530867
917663
561000
703506
237760
171111
489265
758700
795262
324966
446814
817665
163716
812873
189873
538408
306434
564590
725421
620468
360111
675781
964041
258154
230932
791503
61137
507020
432629
117448
972954
320404
606743
675938
384736
974524
267123
644582
702590
743098
203893
496447
373960
198154
606449
845202
154824
821475
579107
164741
283092
489035
200097
177505
783049
115142
873695
679122
910950
142442
177055
99659
592263
457102
179187
369926
914171
875745
413872
528361
796357
58198
545201
671557
241964
622013
323653
515575
11199
895981
162678
145329
706089
576350
607223
862611
507180
458899
950505
742707
913789
718260
155466
695868
104956
733625
611706
502386
633935
69059
525227
144915
95322
815429
423717
237337
929629
62111
732788
560989
810985
32843
866287
244565
557568
238896
747621
750270
520456
449364
401765
334037
446444
983919
548266
967102
362320
595610
209633
327688
2222
671974
104025
812552
496274
238730
744582
722785
552302
325940
759538
780710
966427
120000
174209
354966
970413
532550
929759
678854
751153
75854
500616
235676
856773
11678
989363
442487
227476
979316
75484
741228
146413
141264
697773
257964
57984
320745
549064
374913
916596
827839
399155
466167
193959
453520
29281
573079
889027
171556
400473
856846
321274
253891
577797
742445
200414
647431
528474
97994
20318
408268
768798
826819
762913
291779
475163
388131
371128
155494
93470
246492
840260
219270
740652
684148
833636
26176
160898
549181
902616
9934
650312
94972
167031
600249
952017
92780
451913
403052
149201
608475
405058
392868
159452
378737
93852
159556
404823
770960
737423
395014
135293
210263
693488
298827
770512
612993
285859
88018
640922
231595
928126
205383
355550
683379
372156
751923
363616
664764
37147
917650
101070
458189
971667
38338
248970
16345
624371
934679
523413
860825
867097
382475
848281
33878
550669
623699
410323
830211
594683
73613
565915
623558
680907
421973
535185
786519
603039
199798
97382
652865
134504
409405
885444
971782
580069
406570
570843
371488
307706
254784
387721
96353
32745
638204
140965
897659
752879
171938
79209
940508
246525
481138
934585
902002
896913
100858
89876
646604
191281
698949
92310
58401
519364
696305
989991
458473
241613
119006
75204
123177
641668
601026
165160
95948
421395
727834
538710
358637
760682
222523
261254
286066
115455
569095
749673
450770
760869
867898
974107
272054
670920
808100
354981
931773
242755
723825
629867
440218
436254
746148
108856
432088
625767
472930
261092
241918
99563
195947
887456
371854
483090
384355
728542
997223
623892
906766
20703
419274
282204
558363
233946
901817
191991
358551
130950
190075
16825
145154
982725
960381
646892
405375
363309
542483
86070
763812
748083
493147
889094
751026
235446
757954
151546
195870
867302
641760
566225
905806
834575
966655
746120
731359
645318
987385
290643
84963
641390
71999
238265
375656
299623
427318
780364
629043
467221
202171
560580
849676
233864
488264
888696
614003
987597
629934
382648
102512
848976
600130
82441
558408
712556
194900
14334
899468
348689
401626
470191
349131
381521
651756
751257
765287
960711
636585
805586
473605
448740
995191
807079
878686
982167
779239
710036
85427
688792
815222
236830
226845
166034
170095
876433
705666
838891
832879
646226
215396
437105
230721
785888
731283
533346
957607
379179
696195
570328
197242
278352
866296
489423
779944
2289
872221
152149
100765
555758
661748
145229
818685
982146
745448
529055
331917
969852
545215
419199
380401
771543
422891
606041
243856
77113
943295
554646
214804
97733
314623
349710
202189
17885
709200
868170
40053
563511
346638
127156
57486
430298
148221
691038
166504
206838
927639
415979
242942
864158
669059
132510
199424
70947
715623
822013
462380
301390
93076
267809
791253
878713
704352
601821
917062
931658
220881
811209
569600
112525
393781
994794
363358
676269
477519
243903
807322
349583
813676
662506
941800
140108
791635
843897
516224
384201
311258
340433
406713
548532
172757
575862
522321
371420
145386
990137
585
566829
584448
564799
809453
127367
765846
181737
211441
159995
786608
989605
476023
447714
103851
671953
651182
916377
8050
378055
788948
164572
64329
552905
442715
58494
898055
292810
934570
222018
879585
954967
325242
136986
251424
275873
132449
703673
837236
141735
901484
848023
101219
437316
49380
303105
588954
568146
35507
360089
807972
37114
84257
560881
728888
