596822
837833
744365
639142
166474
404630
773482
75930
22036
210700
298619
374261
629092
512717
137349
244022
791865
385850
328185
661309
161131
970903
226238
12545
519269
354139
702061
293547
990833
340759
903221
648845
668140
652864
147999
891074
527960
81435
835693
9762
14416
813700
471515
323106
317718
820890
913927
876807
7816
502154
207852
734149
412594
668087
594762
367672
96765
683331
282402
89022
455364
599421
712669
265647
99079
331175
465804
331578
993336
686946
835018
602717
435763
185016
178814
597568
244363
627590
850749
605679
191743
168196
764748
910130
77836
459571
793347
181131
945692
802530
905293
246412
284508
659228
340171
755346
67755
959217
384664
293346
