120028
748593
745722
522727
325597
529528
494618
638630
462334
616378
115406
497340
805169
739457
741090
105007
786329
59781
209669
866048
365244
845807
216720
907334
658903
607369
706599
777638
837836
684293
398584
87153
565687
974631
819105
808346
817886
365711
361134
768786
470534
584743
804864
760258
649378
973861
417033
732389
489063
845885
307123
770879
61051
669031
631072
531965
930827
859976
432780
949866
809980
765696
467151
868876
343417
910415
928319
723545
273259
791012
263603
860825
737799
236676
213538
879577
668800
989843
631849
72329
378206
172162
315883
677555
58919
781526
882707
393880
512569
974097
957429
586025
59577
544959
813074
354079
586470
844318
726074
472247
