267852
923119
852736
343094
837420
608830
111656
766326
400271
293369
105226
301137
548128
125667
351523
732933
1101
609398
521816
710614
534645
201797
415019
17153
515376
819328
435482
163210
283893
811030
4116
236018
533740
999669
492889
241541
493073
90925
763821
33103
69441
743666
181752
266670
653925
278080
370173
223939
196920
335961
176437
582082
680118
457258
730375
128297
472867
333259
658791
169614
418740
706085
520200
514577
804126
578607
48383
322800
35066
490897
359030
398008
173330
164201
456329
95321
907531
906475
198080
601619
354286
617571
353386
565389
419604
127958
301458
362116
842478
680006
199073
860576
127919
728597
505040
572962
744918
340417
880199
388858
268123
310606
552919
18294
362805
815617
322321
195860
489990
853896
156097
105592
680613
611191
461258
323129
240965
136813
562975
408661
820678
529749
372507
40517
533848
878728
776126
468588
3464
19984
432133
724713
872297
980808
77669
870795
967904
155295
689635
234212
469899
973307
737107
460726
241742
650233
797675
35146
682748
529171
868738
596640
648671
864731
664235
380545
859173
824228
516584
505200
181735
145216
500557
297023
646934
104419
710323
895677
781636
640422
553173
496909
115533
988008
918858
340818
942368
931791
58847
526214
776877
191788
533264
429610
815661
854012
76195
837464
120905
843275
429794
52020
288680
108340
546611
762625
747608
988547
146709
73103
310936
331899
428153
539474
958975
370611
723195
135247
470989
858395
344251
721647
191693
345948
878813
507766
502051
556573
278169
607245
512888
976931
429567
307835
34942
762640
86987
774002
527010
83212
751712
527494
171150
491841
394149
625721
994328
851584
247161
374897
310986
357889
398228
689035
333518
785479
251707
511752
266038
750562
656671
845349
342310
394638
58643
275145
155807
737401
545384
258136
139880
388706
117032
793637
143898
269341
326123
419268
46153
430003
195224
559164
330698
759718
412092
524251
377510
372562
429632
924900
421082
689006
585290
405156
909255
969330
573555
293731
994748
958163
633504
861493
464478
573418
560703
626736
214962
125106
930400
531384
468231
46576
79597
511413
825155
682029
95880
405350
609864
762079
743488
497359
689474
269094
756399
925006
136527
32882
208754
784268
147916
336129
290822
433806
271737
191110
950459
778091
308232
180837
934936
673880
299975
758875
372620
200927
653158
573307
696140
327215
117543
30931
975757
736076
965027
840493
989024
867943
658867
824817
41701
518664
369217
499368
88493
96231
547435
641371
370736
929179
614160
823834
404647
864554
949371
578840
778184
609663
375082
584948
446876
618553
18298
372370
326270
300191
966320
812776
810674
779250
15270
154069
266143
67739
569040
405739
708394
995460
774634
582349
727985
656771
385344
916212
21729
557808
653721
747084
36981
581847
35073
327291
868427
106953
841970
728001
416100
324173
515422
967290
933560
340084
817052
852097
804724
422794
975468
932207
886290
27752
205608
184769
617874
458343
39178
448663
713050
474991
532308
734873
719975
652973
264096
727668
917743
66275
550212
66562
228053
711769
478241
953672
890312
344561
215241
177432
911545
565592
101706
280471
495543
216217
159451
354585
679848
292171
727650
511400
824294
778155
580384
231972
202867
927044
674554
419076
699163
877514
158437
502266
470821
841351
657388
588917
858421
989293
631137
240512
761217
375753
548958
424392
447790
188825
825527
731515
148166
792180
534334
225995
739288
910823
960753
731345
112429
351457
575748
747215
346722
792132
