511763
12121
96559
883452
389661
654475
224003
662625
282490
937497
44696
153851
940914
220477
454737
998709
264225
313349
840083
396504
72398
767495
396764
476797
243804
370466
423757
929645
562394
395628
999048
151447
131381
442429
637876
637485
243213
150359
179293
889243
870244
726065
556793
809764
520179
399326
379909
700635
90071
170975
38158
458108
796841
709442
207116
320101
11563
336052
228265
960372
3549
727850
739487
511038
12976
446248
258750
557736
41874
958061
20493
189606
970664
540347
145353
805006
569626
753926
445065
854360
606023
786745
525377
58804
900697
948575
357477
750792
474228
179316
669093
210565
271112
234313
489495
681189
888262
685582
432947
740931
962800
864575
598071
975958
535880
394350
606379
298763
60202
549481
351295
39551
612278
776711
852240
214102
33061
113364
5001
643899
169341
799830
20710
635060
840031
627452
362644
833568
116158
709986
513717
58320
923370
924163
754239
867840
688714
724668
923204
378353
758825
701817
759180
502948
263271
3006
212574
755700
321935
197588
691678
723985
73161
106318
798288
695957
448614
663223
38138
944132
29721
982745
24936
118821
910341
92012
910665
191351
776817
255258
247287
187218
316569
543339
671380
126492
130654
48722
253839
979364
657373
481363
723590
451806
588572
324111
380742
682235
489249
181486
927213
335396
346845
177959
622257
33620
201478
544495
354617
12240
860610
670139
500841
711555
462783
60404
203835
302778
233631
161655
689993
285304
738001
329797
86823
511927
870395
948750
544748
526204
696083
913877
919186
546005
706637
784703
531507
789490
188782
264318
121971
640862
827776
927061
892157
287512
170846
285447
421989
8722
549551
179808
33581
879941
171823
258271
765731
610415
680873
924030
945896
146026
707969
153824
357771
654954
73325
211030
271571
390867
643268
697806
251612
350837
876143
477209
216280
21733
635516
454872
696439
8569
877393
991170
646753
182751
405821
973459
499744
677274
451754
400788
576219
834139
993775
997828
597053
867704
913026
580576
854517
225099
228491
324244
381974
504170
74067
256702
872158
677758
869083
92763
541843
451330
697865
360784
591369
130970
546301
452055
106049
607885
327490
269188
456300
655393
620257
514291
173261
524242
336143
512656
623036
581998
677638
617475
686278
824656
870961
904246
763250
992119
723584
893060
491614
662978
419100
292095
470984
287498
138868
158750
462826
827420
480438
140930
950908
309329
833242
999971
719709
467148
267352
45915
245004
396560
448314
952271
666256
143163
652619
848694
496376
645603
368303
109319
37629
71436
135308
370051
784515
330307
290086
301916
352702
845210
407177
784833
933682
682047
932319
745735
883090
217147
261089
741685
214538
760453
942762
99180
604696
807552
246696
139121
751445
507608
742379
742937
893138
71604
189280
89424
820829
795992
716055
614085
901347
213851
45887
495990
313711
182335
638708
726419
499281
672178
795567
767377
608282
558560
656732
402510
621763
466355
472969
530332
112941
404840
430010
591789
549635
408719
345945
99481
385147
237535
779850
333646
196412
896499
776733
722068
25626
767397
658525
349051
835900
966790
695941
126884
282783
357943
90002
193962
259315
164263
94708
925355
72291
65001
92510
744502
156914
501744
737085
917523
713537
668906
743301
547817
697837
137015
210598
819408
512405
981765
124765
739636
963577
305994
552360
550882
778045
519964
840274
405746
119949
196912
494700
589713
361180
813741
773916
451498
402757
350508
868047
271345
604754
842127
