897070
840031
661799
916958
52992
738142
957321
347939
375047
922437
735372
882562
112610
366428
138045
746906
529982
417983
656013
74959
978952
543659
380689
377961
597885
712552
964579
182795
843421
74195
30054
97933
720893
67847
370727
330553
174204
517288
267296
106271
437517
491851
236182
704533
276211
76997
572130
945615
944716
123215
339852
656343
723076
812371
333842
531432
933866
756181
595017
522093
451359
694017
348891
62801
544043
64845
40366
101506
726889
401994
756454
681608
774691
381325
966848
595516
587512
846772
570783
678630
633082
423063
32036
203127
62548
776653
36662
331167
654248
229080
589537
848396
866231
569966
634010
647169
981498
812196
148641
548238
