958330
192585
524990
392325
796141
29648
387337
971886
996484
233617
825920
654288
202644
303812
396940
257249
47935
383451
527971
712242
687169
326639
835439
287216
61162
968972
717005
134773
233446
51349
917936
944972
708856
297750
85094
874304
10437
573605
940403
56799
351757
852531
997273
133712
94132
77556
971321
846030
38014
580521
930643
512576
620058
953862
348586
979511
151637
16069
883907
82243
252079
783239
57675
274674
445131
187042
497304
131110
258815
897355
252296
240594
635340
950881
500230
310801
919335
381844
245483
298339
498998
906352
485760
538756
694486
326090
182242
151915
640985
422341
658879
195740
346381
682753
376444
953002
999223
492002
677497
445069
226015
204280
751788
650011
459717
91664
887338
131751
866353
789142
198084
532275
914216
623205
239566
736914
189115
21677
848763
38175
71225
918272
380068
230099
728964
745081
649191
186695
271937
914377
59244
29447
961769
847199
641475
909583
707069
777652
752489
794149
653142
233712
132906
143762
516826
101564
353888
622078
488202
937637
127065
634279
200121
495465
990167
17790
657432
488546
163056
690526
710316
881932
130070
678570
596320
502389
36337
252353
260022
540032
759336
478049
740889
425045
993087
709461
248399
596777
799259
699932
934410
128805
81376
479704
365341
381174
246651
994863
198988
863664
387707
331138
280892
655903
298650
105800
896777
498348
298138
665286
951031
721385
952459
40301
52608
462521
339369
334352
731339
217439
897058
512768
720382
254433
532276
442374
781546
708888
183797
240956
371173
267031
631532
853768
393077
17462
998301
423798
380328
910330
209379
458353
511809
982242
223925
897630
520525
393105
21579
865685
611411
187091
321689
84157
44585
399821
950778
765507
28579
718022
437480
513527
982311
787404
294696
48131
998172
471236
88707
247240
850049
482578
310382
999127
552090
534688
578955
454728
40580
839439
579528
769851
266922
68728
500837
602281
77008
21726
157524
118181
858125
551538
436217
116277
749973
622017
722513
258823
925940
995134
559342
970514
422167
577960
141344
191178
858565
681303
73328
622975
870187
799913
369862
159251
273556
798979
959402
273046
319927
334214
445031
227904
904042
778896
454988
827210
733621
143340
73932
40553
945857
339927
112901
216936
41328
922608
33053
150689
174086
433979
33545
433239
949444
453713
291496
161971
981141
332264
577867
91737
843938
687483
152216
778535
129408
804374
568004
791690
594313
266880
855741
255996
196744
326084
403242
815774
840142
632670
449738
757677
878817
954431
497785
190244
436692
974333
818769
147119
715250
414746
245293
817159
239188
66992
563849
308462
46418
33398
849797
311625
972374
985777
439176
449301
177548
723065
636993
630663
666613
879462
749769
725572
217051
205400
841509
237370
527263
544288
633191
489177
58030
131791
426739
184434
539986
905688
131487
661546
901925
636836
573364
599642
855648
912115
725906
433287
171921
674922
509551
268665
423147
640509
80256
192570
778807
809081
721968
844781
741289
280174
661005
737096
786573
454392
256130
967471
380960
81962
764607
798062
955963
844374
623925
592915
33002
861114
345469
766758
783004
512138
857560
222470
893554
572629
238545
282274
625210
148951
723711
93520
429301
424348
964071
642509
955924
140876
863678
731026
159298
328791
828747
445839
791323
319485
360683
503047
473018
278522
969390
576327
803887
920461
162143
893252
61520
618084
955042
571664
603238
678822
94069
464697
41224
865180
232792
207166
541510
539453
810505
432431
