175865
705473
81203
75375
29354
440720
951963
782007
112097
461351
812095
253829
573343
999725
300206
399644
658261
618514
591160
536775
673268
563612
60494
712562
789520
239296
17589
751637
326768
778150
540839
693899
733172
590800
376006
277313
356387
107411
918781
856649
36753
647747
687286
88142
954985
284397
786801
527330
918621
71293
444039
325683
45863
215296
574780
688413
325306
247684
11002
700953
815626
457628
791152
224082
79157
754304
336519
841560
541964
80017
164668
172846
776258
292921
396126
419134
890544
676401
997286
624940
917059
513436
987886
889223
319043
386577
529296
692956
924416
783222
238620
516453
527067
947399
133749
203551
396334
627254
114696
277881
897561
968429
430186
929832
27690
246767
633998
15319
842984
601180
818591
908604
165180
193427
760448
174854
904957
89458
597278
521394
818711
231352
905070
212605
385047
237644
229896
215220
397141
153111
559840
708967
174142
693451
907741
353148
296188
132615
680343
472607
279621
221651
253682
354199
94269
498758
320402
495796
295561
807879
55417
179365
802417
694960
658052
876262
370609
925902
744127
787606
556508
828933
579680
913126
713454
538321
530023
137133
242604
810023
793167
703001
612538
854521
696305
477633
220665
499737
608566
349141
720282
516789
778551
109879
793988
468160
555251
370531
799134
429682
93740
209992
354617
474469
228062
607995
371101
858208
593501
375425
407919
582449
252682
870858
440892
767475
103601
71293
446948
313904
553795
437102
126245
354015
87467
877293
161987
864270
845646
69688
482961
320027
672740
174672
977311
438044
39022
455465
84033
346143
295251
368442
317879
211787
214171
780149
811134
131749
226630
769297
404274
137903
345226
221890
608414
915690
282856
17418
105890
917757
685674
687081
135680
746798
946107
118896
379523
46476
898147
274932
536844
244335
670237
598749
480762
128728
242710
225630
557109
290162
549444
667007
414167
518202
916513
232789
711352
851642
65091
410068
578901
440368
506266
683131
792605
17614
763781
41069
904471
459099
866001
690336
178162
693687
958287
354478
798059
417275
591696
180553
396437
115134
737023
56780
426056
707509
514652
325100
246312
469874
156497
334093
200273
533005
125426
184561
407516
235808
250646
304075
684113
216747
153292
207538
983017
577753
306108
135089
253822
158618
810396
79099
270289
296623
693643
930555
188728
488964
95246
273034
332770
157367
645924
77562
193288
484471
766407
934671
981938
510279
563394
494606
177123
809314
146217
405357
630691
955833
931706
385065
631399
418328
480847
837239
406750
105574
130108
565970
234010
726283
286027
249075
569753
809964
248401
66911
247344
962449
435884
467418
870675
936936
674332
367737
971779
872867
354620
524245
199636
990524
623836
617499
443418
43864
702011
1025
529456
185417
839526
748499
192484
225070
980583
669995
464322
660341
672620
714751
503804
238529
593270
632661
38131
988519
636538
200337
726372
888977
155608
135918
23154
948037
671157
159947
438219
719872
415863
182365
953338
819068
998300
756995
19529
738321
278328
896631
342673
984248
387145
786656
982304
189098
827192
312516
621701
610598
196079
327834
276410
513618
263761
243325
480367
725689
224538
806525
803183
833779
898965
40464
727537
609506
495796
789030
324478
570520
989263
398426
132857
270230
76220
806724
450960
199472
306759
201451
929598
954892
467342
573464
493818
957321
160316
396165
817151
1212
925536
863349
297337
50133
965161
583453
149065
766688
420032
862208
289973
587560
256066
640920
113775
816694
912536
243760
998656
523767
76469
515855
131281
106171
53548
246414
894678
511257
601772
334859
65880
262065
98841
263734
407901
597130
464583
81096
905397
226265
637461
991764
661732
243491
35300
503414
503079
177977
585011
507304
371365
482594
773081
963571
931379
93656
66846
745025
220996
477416
636533
133713
478763
71036
759962
593093
174479
523510
42820
650518
940650
858290
881607
909543
230397
882286
81482
870518
527700
684934
143520
822383
977841
985687
186116
93851
550680
281542
691702
565366
999927
408217
864492
774429
961903
728194
441591
634534
37187
406012
516532
67466
630556
671246
1195
59261
514614
769005
724871
401055
365995
618303
951474
979530
855578
153977
174924
325515
559796
109417
98825
947566
560674
201168
361253
284211
637398
587367
613188
275101
483245
674370
705449
283304
131966
877138
717139
551386
870786
814213
250223
307314
539808
652808
200638
832701
142611
4972
494789
969992
536250
728166
935083
992944
865340
470257
172338
369621
308053
285326
755733
30829
684802
354155
200954
69428
393989
82722
88083
590529
320405
380632
487511
344373
112742
855942
853913
705164
509584
401108
881474
350805
606942
404001
713007
771710
575414
805088
824873
967881
599200
239964
95101
867035
869812
361755
238200
883763
539877
407201
903041
215288
771364
11980
101715
875178
985522
924764
215765
674107
712133
545045
142935
983351
814038
883389
161835
614046
121541
724993
376542
457426
3114
864948
957906
670123
167801
864375
472121
348328
812433
948083
717168
412481
505889
629571
29173
563928
415799
140911
381575
116045
489063
639827
542169
236656
882580
558815
478130
744594
205150
200759
96484
687796
116904
184187
785958
465569
352196
28641
726161
596056
341118
565949
625332
256417
29762
618402
63956
243328
569642
785635
380035
549191
162600
161395
474651
218950
713421
497322
734167
551262
819700
707816
69007
119732
750285
195476
773199
385537
926729
932350
324754
65157
668895
239395
802720
422555
639098
479118
721601
344744
911935
534683
227165
547309
35390
845015
182194
47100
925044
818947
440624
360968
507578
396088
527348
431765
226831
503140
743007
800910
493949
832114
333139
195445
355498
738888
430409
948213
28285
304042
638418
953171
112106
764155
928104
721603
940508
767716
663280
307159
22590
3341
430543
784274
398246
791305
495782
589851
522399
830670
517163
137549
278482
143201
831845
121259
954896
34320
551492
629297
935615
786393
313562
6853
690654
123625
815674
741389
751734
981118
70764
480538
583071
899117
283146
952513
285804
645696
808954
514314
244212
187895
557895
53186
219838
709871
131230
200939
683656
439712
534179
696788
313716
151681
353966
187139
795472
830918
411558
520910
916032
952841
887799
12233
714954
759495
167027
520025
36862
254721
308739
628071
799936
467202
748744
651377
154547
755201
86098
673722
685508
458908
628987
383970
733904
556868
578401
240400
686259
37944
369535
477643
429934
525610
9384
377384
919476
562430
190495
428062
103249
955888
451029
453109
374712
308756
186879
605149
764071
735865
219540
473307
281145
852071
616544
420574
119112
411720
108040
153712
766972
401827
424987
891336
387189
554115
216592
273532
644561
644470
589538
401107
815962
191729
188165
284473
778063
682193
343171
768651
481229
876412
528632
201554
101658
501286
516774
999437
808847
716976
283446
278951
973535
890602
262924
301832
552072
674041
974661
745800
985748
266260
135504
368381
718540
42280
581414
618165
451578
802716
135591
214847
