581127
240171
801804
314830
458179
42821
830681
936148
30287
971328
89895
519984
916417
134153
506641
932464
553988
761329
219019
13483
857060
953432
993092
902774
285833
777527
932324
771455
123969
338057
947573
318025
630198
87191
743262
389316
102143
368415
331017
626184
289169
461408
118630
925358
945750
281477
576201
563403
571670
742699
468911
358602
278418
487249
136030
715045
739056
78555
649642
860224
110224
565315
345939
840162
480764
757660
909836
728464
829886
705796
359255
816648
78988
206118
667851
823703
59231
257577
391672
198423
509154
730169
39777
224265
554181
863536
320935
906379
177200
315232
285831
590774
737557
44352
419002
725270
808990
938160
655163
320774
