267341
907961
388479
920369
539787
238781
410991
414409
26805
131869
998489
959731
635083
219531
592761
483844
433405
875406
203422
600481
594235
656867
192335
972349
671913
312719
474248
838256
130030
142850
369634
71985
310252
293225
563408
269936
785674
953809
507397
313234
695980
704563
60019
445706
741060
859104
425007
257873
822402
264906
551153
978305
928487
77548
700535
317460
733431
741079
362504
610932
420493
68891
147990
861054
753032
195150
749693
658328
641187
112572
833832
292779
198755
350059
710802
927551
322921
319753
541866
779314
51943
536180
742608
370005
27759
55718
682237
978467
819047
71355
762111
980575
412505
652641
916641
822537
620327
867099
559081
758844
