198516
202469
423949
846973
307127
57547
377371
873720
26440
136972
426649
232401
920311
327546
602261
532351
217798
283739
994403
914851
598481
585077
694360
452253
880296
186811
538354
14027
750845
850068
27733
739615
864312
33028
383728
574236
347881
832057
808062
296813
576533
104756
951529
168674
203825
201426
158537
590664
212973
853367
878153
957027
451815
847766
107498
385354
355520
788574
10018
34976
422732
84100
812956
880490
338723
541609
935907
738898
43988
14249
737241
534263
809017
496064
888097
366703
623398
154072
923869
660762
997179
857203
626577
499748
97369
159345
663270
982166
235953
20799
310219
571930
828920
249628
559414
377737
244087
613065
676424
791858
982270
287949
299727
637418
286649
838050
788517
524747
535450
167103
108725
916043
652406
756995
553438
83449
602284
746747
573552
696533
87871
30096
58003
58637
627781
459728
265286
302032
16505
528215
216965
864017
698923
351961
462340
746970
402583
736463
122585
899530
760338
711676
605750
37293
852896
677275
936467
683254
204963
233383
205994
287003
693166
163782
72028
863693
846072
858131
171313
139603
165292
510343
768061
936642
946461
920771
263646
779547
736663
806140
119137
846081
676113
614467
944132
669141
361726
906160
966038
355376
831618
429355
180283
652860
729666
619734
693708
525871
858260
686938
694747
199334
409430
972045
241619
370010
182746
965181
594622
786689
560639
864668
718945
442179
67931
308167
89538
373335
144468
65524
306186
308922
25934
297912
719621
958732
249278
426547
583301
461319
992413
577049
243303
224092
916473
269661
902125
532140
122021
163644
811146
309791
44817
843619
904189
422885
23988
953597
674837
271623
619749
659677
336850
883305
524234
487173
574124
880798
401447
593937
756589
269992
602584
97475
716345
595275
287642
256172
890094
302156
89795
109875
18214
923787
679058
289989
74009
101562
456289
109849
272608
858425
10551
293406
943060
722128
407290
972676
519573
108872
889025
978980
381927
997606
153288
207245
369718
257925
259837
308972
6778
222799
472439
698455
120565
744087
617222
872630
149465
699094
766053
112526
353160
732033
636172
686763
534387
532547
734114
814250
526179
584540
382032
708129
628566
643990
705073
351723
498625
690015
153829
90707
207605
978504
3333
815772
610460
89561
981232
929834
986210
659598
166660
581777
415152
593715
50217
908281
225811
590167
334151
507370
404603
348016
16664
511290
46432
528843
92055
461520
386047
690413
941271
366740
905923
6284
463857
110837
89150
272291
88598
701782
353046
243510
471363
187478
383485
354658
988434
470330
19928
18719
565100
350714
285505
735510
237724
578981
62568
322137
853375
177585
422036
563843
672344
522979
50887
464878
384448
685911
976448
347146
959674
473325
701850
688928
283812
347984
401810
223396
678922
930340
732326
691376
680085
637131
445528
152611
987937
200724
525394
95445
922028
397122
848291
673589
38569
173044
401191
304002
676853
801590
503045
537186
879201
467043
85139
813858
6189
447668
219348
352011
27606
132138
598177
743325
291271
599188
966821
649131
593515
959229
332929
874387
34914
12982
862929
38359
100049
400379
154694
273629
651988
501701
923634
298751
204879
613932
799587
408720
701090
340854
808806
560940
518906
305984
360365
509755
828356
825287
775691
135362
414845
934739
657883
375525
932966
653762
932289
617021
860435
155117
224840
386194
518049
834425
431019
218997
779271
107068
726255
651517
901830
276425
964141
393628
671546
226970
169646
49309
