593448
327131
813448
740870
457485
44573
25146
841201
420542
465880
691785
116080
801450
241555
210467
423270
996509
153686
658701
953661
261335
398782
889994
125515
753416
643248
664039
93328
2539
508650
978337
557724
65084
285365
431732
675725
510807
243063
85634
956982
570031
385572
955612
55196
540519
413653
629359
360026
351760
336625
856014
885412
618688
922183
6871
115624
497611
11646
442565
196432
963745
361188
676818
91620
928132
850594
181383
281677
67236
809168
94113
960629
529496
238501
952865
953737
374651
668487
457521
219168
29281
432577
293486
589301
946613
512403
711894
453136
180081
398306
569231
181572
585400
363856
255442
109201
697427
333158
946546
465257
765574
909934
461773
12880
879822
428254
716366
238108
7418
470062
586652
514908
344547
832523
948450
802325
739082
449508
373948
506472
249548
256993
620603
304079
649860
999475
194837
726022
377533
994438
586732
195078
425298
951444
57017
582572
581797
500307
32981
167801
963512
824078
602788
992883
161963
497810
324126
295464
756562
167038
279483
328146
361202
151550
87738
449750
326873
454417
609103
928679
46359
666757
917991
891975
405660
875205
647641
6638
475247
633929
92586
660035
325705
501611
990269
988039
530252
658394
635989
566993
365027
348327
915401
306676
303671
576573
446339
673148
691658
343598
317172
918743
170548
96232
471064
344593
232696
587974
365217
505848
105475
776130
993155
238814
145920
766281
18843
542909
822426
653991
540988
866741
177295
576225
988440
334448
320430
323746
175944
731238
206253
457037
435512
957180
747305
684977
892210
794120
366778
914010
260549
554736
938930
708548
582162
39536
625075
542955
997234
413625
925930
143614
387271
456631
156780
56050
14110
429611
44203
266482
764350
256055
226068
367923
626448
516473
818249
87078
793962
257038
401590
229831
750522
190904
389842
305427
670475
938010
385268
867926
13623
836320
519119
941666
686634
300283
88972
113947
962254
553802
727683
43056
210136
144724
764053
931428
351471
998642
38632
752970
157364
467978
887296
588687
639666
162166
817847
273585
131619
833154
59801
551694
42589
213972
332510
222423
747736
792679
482628
284835
217436
654959
734409
158048
928651
170273
181954
226788
231112
375435
4123
229474
987907
544222
101484
43895
163939
464012
336563
18084
242702
955980
73652
90519
120728
465531
529066
900130
277317
598748
322344
437389
14205
487744
227857
113094
737867
456961
8368
390135
507921
296296
698357
924592
973900
237614
378893
429187
929344
296672
913309
408111
41536
848603
61914
52212
757916
942647
585607
213958
625831
499329
734476
128860
540003
306208
571632
374183
698636
947480
429171
825184
903422
53101
698059
242426
529347
875423
905273
886967
36285
412500
443270
381143
310956
402260
576799
932714
97117
943278
325962
684807
484720
764279
86212
676821
676484
654194
91385
851910
551169
832779
708511
370084
323457
176190
400816
986627
224795
117525
684482
853591
517006
817550
180228
832862
128391
81690
14359
650429
695375
178434
840775
760617
613652
147429
899876
42492
408467
544348
449729
218280
5918
588222
831240
325767
826703
272703
723000
330192
700809
624563
257149
759846
475111
347121
945515
247242
657093
143122
633558
445937
504295
999321
75408
88241
150217
826924
233088
718421
289539
767553
317467
318223
147033
808852
657666
375053
474269
979860
9656
922980
904001
640542
239742
155753
472765
242656
791629
743199
790041
71328
893168
903114
569816
577621
49787
317218
498625
934707
4971
656675
640715
721796
304988
319553
624804
167346
168929
461369
926110
291361
192516
598275
805686
551801
196954
132324
267139
955457
444097
377759
133624
526631
979128
990091
931477
166300
353884
301184
88304
162204
493883
37867
223964
142539
59159
957633
58803
818235
290105
558224
885830
867914
578222
249777
992157
811368
72867
167642
180077
984439
747032
284048
909397
27339
551620
58105
175572
509776
536774
929296
875020
373387
42818
80689
779627
417913
202144
132948
680956
212243
352989
267478
906761
720883
786572
791283
221226
290641
151661
655441
817007
489766
821544
33077
130213
44017
617191
474648
253193
236503
771341
773524
679175
744997
903638
372153
391533
518002
919372
988925
640241
520416
38499
471887
948315
527233
449778
737740
784976
94549
126158
472459
484477
875121
678789
993875
694428
410940
202356
149100
370406
400916
249029
431378
332053
12238
641801
493062
297749
149209
356718
859008
96390
919299
89565
652927
293616
121366
479987
450752
904196
222299
983321
711949
407883
211262
160322
270252
721774
731153
184960
823481
208736
105899
13764
717198
495724
692585
810736
295006
561750
817044
666843
792097
524273
969571
307424
491817
766461
232727
581475
972756
961722
724292
644770
874202
680525
595504
300403
152262
872718
869780
927007
543106
250476
562047
460507
967114
356286
415066
670367
54339
123815
532230
479206
267365
290916
339362
449216
874194
276853
465704
978263
943883
185701
737335
907900
870392
398392
803435
433837
758756
909489
604456
418086
506828
852541
521782
240288
192588
154303
744006
142570
81466
712825
745363
823011
650958
763347
202788
539794
308798
182219
329070
222882
303721
655418
401558
658365
803561
787903
458323
340227
998411
207882
945778
383783
744347
908807
855923
378918
413016
810596
591889
778085
821574
621953
768287
571943
293027
918004
401422
241448
364273
977205
122187
253272
846834
436909
819141
317751
726450
225046
41804
584713
885374
478030
869589
322935
813362
875454
184986
834882
385968
650849
643038
542116
992429
24628
646030
988997
817573
480953
731907
415830
192943
733735
968868
112590
210347
295857
313001
111679
78359
378289
160634
346068
689729
501361
882805
91625
199895
352086
169295
140103
254874
996650
817362
644091
501041
892740
613572
15121
634394
373462
225448
743794
948795
467
28126
302679
198935
703803
112805
56745
582492
824644
981761
506679
279064
43814
517432
834259
509516
378692
722998
577994
405017
18866
326672
473533
528215
553255
970469
821472
29381
270144
291809
308495
579866
387118
401627
414920
992826
905278
86238
702473
502212
109636
243589
262599
876616
334307
559999
879624
394454
484602
435955
509790
622513
457454
705661
292672
973731
461520
89365
589126
607722
625963
986001
432641
482128
993709
316161
296628
176856
631087
217720
853747
63444
927587
919210
381015
108628
588633
790961
278363
918777
355182
17642
590999
879847
407377
984508
35158
873176
482163
875064
68758
282766
135947
623132
28059
174945
269955
453746
76592
816054
683202
648726
139451
948560
680407
586644
75900
886528
262143
943151
978402
881464
799571
334463
717898
973438
748945
803442
181653
338940
870341
677619
335076
486963
631059
999591
454130
739920
490660
425940
660751
606999
289707
530972
888629
956412
705747
771176
949321
480209
798791
104800
805295
839192
238045
469078
831434
918586
931679
119874
872335
374737
891384
368552
255813
608352
53944
995094
633819
797666
243012
559305
603365
239231
592989
343087
271093
668443
752843
190920
