168619
405641
183815
995211
361360
494332
228415
514209
278770
95601
405200
462576
793754
73098
401063
457900
988016
445732
550629
10886
161354
332126
219448
151994
350997
158905
745942
567684
432670
901528
232086
650226
45566
269606
344810
917397
550496
330390
258493
312657
590768
295621
175077
542740
23202
962109
525957
400611
125212
333459
357826
310352
253185
939056
906848
394440
515547
546028
38264
635657
317156
993558
27608
374000
23218
927056
773495
618480
816508
369687
7763
935583
598605
597793
126377
256938
679747
706911
777936
205097
356804
417890
770931
169165
605311
553050
962089
662646
140570
343097
627635
413218
44285
404981
79057
575423
162618
448301
359169
862305
495192
637539
877909
52302
32059
504488
375024
604343
212081
558357
931101
633666
354139
404021
688587
867778
450422
790144
593961
130824
817285
116098
353562
132883
894557
763995
98773
573090
363597
572447
497309
920170
437159
612381
559511
302628
12463
648573
728013
286078
576160
350659
764478
684017
230293
698096
744927
73522
84443
903623
992178
968258
601808
404269
777282
590368
787831
570153
112056
469663
202716
833740
22877
525906
670686
662570
645741
79459
472158
196550
796436
863619
931587
27596
161160
401531
890855
100023
215490
987617
8225
768403
907226
388263
163439
616156
937790
745358
478336
64198
545678
128120
327004
157398
939096
781082
937905
268525
806571
959440
143483
738405
244762
204682
963470
291412
363471
4004
164227
319854
680713
280532
871997
129223
628915
445052
438807
217909
75426
546080
442284
542420
343339
364081
112578
281251
36319
425160
2771
928651
650853
301486
88058
628032
911282
991128
414967
18112
707751
478896
649503
511097
261126
492110
389539
312327
7378
869381
795322
373851
973635
490586
167214
988215
562467
965200
879040
417941
240968
866463
185209
46824
763374
173251
155343
457530
483056
514352
506928
442612
31523
558434
605485
726204
290000
220051
153222
429880
454539
70342
700494
911986
562612
640769
748411
50068
350794
377559
532300
808338
789159
447267
765143
889190
298972
412753
170798
465719
623785
16342
339309
44883
142041
69120
877411
356187
197944
707751
902427
884350
602482
77827
933254
839901
846794
824023
952454
885774
404275
382668
181401
613629
163087
887960
645408
587948
849729
887133
118731
433370
139825
965390
696036
205954
375452
757196
930228
976058
645652
384015
594710
947388
327835
265599
719382
473026
839512
189539
424324
451210
935604
310640
569307
535097
466580
161539
237385
665372
869235
82795
669211
192521
82778
197597
27847
983140
668287
939466
952277
723454
835896
638606
544810
24215
916698
949631
408946
760452
723378
83046
525161
459116
542303
211274
608519
903404
367179
801895
769030
121178
206404
761854
601553
524391
824827
25734
642378
785950
334039
81024
967416
468617
361079
66024
817356
639666
111939
832455
790414
739463
952429
243494
699113
364183
585418
724829
279695
979193
608199
871369
233866
621899
457993
982683
571873
736792
815909
377421
72227
171219
835705
394544
599315
132032
942629
559586
138351
77042
882793
806427
619743
56815
194461
769126
987191
599919
951431
779884
438889
657795
603676
263979
729674
508307
718102
703110
809919
532032
953902
671735
362820
309992
165303
588512
360536
309767
607831
775614
674825
575098
527778
504894
466007
265888
117012
921834
168328
841817
873835
958204
700360
901616
988831
151571
536250
297301
244479
715011
676319
136067
865578
306887
276641
966080
350182
284178
462973
432003
307552
996995
