555258
267576
548291
325129
211028
781659
305002
175331
605001
715509
203843
189911
778989
119927
922940
661101
372184
47173
810204
62539
930329
691002
878216
807059
330826
186001
789153
490073
416126
22326
436491
145407
245463
828714
177417
661552
653941
55757
45572
393781
677257
686539
956715
762295
735431
416422
890547
533074
837306
450331
82880
938065
574129
187124
721820
198284
568279
801001
249571
46299
991456
739252
98242
43958
482080
22640
299988
684267
966582
673325
829931
283322
949925
648914
104176
792848
547010
338735
526562
661342
105545
588191
433082
379286
143819
218518
529903
689602
130627
934989
119189
211073
359046
973511
113441
87966
617048
906238
957255
320526
