580007
533548
628188
987228
968982
269650
658298
962334
271842
115151
964304
264127
434871
501697
944653
791847
106945
60707
198149
652507
161726
63167
167124
412608
51375
259120
929436
449325
959912
745875
455145
259435
510919
100874
744438
126476
147393
686764
703049
864164
128024
189581
679225
670697
398312
991845
741648
672483
68897
190687
405067
139471
719887
737536
938878
157590
463573
26802
157780
99173
810169
977069
449716
236841
368920
925569
194752
391016
560442
315649
399031
466367
600704
782031
902330
954420
810682
60609
460076
538039
91285
496685
5362
24826
940722
595351
994202
422249
146641
638771
675671
977480
958508
644184
761642
663785
432288
134212
741917
947142
915526
463174
457386
827584
648737
7116
769464
377909
593519
233289
489733
252408
857762
926210
438431
48496
73577
326902
1484
390734
599143
219752
617865
198444
137349
797834
525359
41087
326307
921288
905266
834745
491433
415662
873220
275326
660284
282102
126871
394816
944141
911090
994751
790649
764107
275218
821173
909572
700856
227219
349048
608601
295769
123525
551629
348259
391303
519158
133864
33408
705763
575168
818211
268692
925671
570220
753131
187082
607575
379970
970810
366505
457750
783599
173694
968334
141204
843537
214553
138828
271077
501153
39618
462876
83949
700605
448456
698051
515576
401937
910839
404415
257638
744033
594003
514477
379651
58166
293825
986874
22709
801571
739653
644739
448398
459699
648358
949132
923842
586674
105774
834650
815282
251604
796110
356014
690662
615685
470366
333598
793050
993229
815105
790417
184047
912479
170471
792534
209090
471552
934188
33633
889178
535759
160669
827620
308731
509685
468379
723399
448663
996393
854809
847619
457828
801504
669632
257056
983177
227728
992497
263817
830386
32480
50026
995785
38083
601710
597570
854948
365096
147196
691150
816212
419851
851191
818470
865183
519519
78630
826306
783249
279706
994028
487357
992027
724991
502713
727996
77512
568921
454419
538408
766168
692803
747261
352406
806715
687076
813121
869320
107179
463993
37471
897933
171046
685259
410706
343555
436359
148927
943675
806717
866752
646732
389037
321343
640631
680647
878676
279142
162810
18458
281026
304485
743519
268691
783960
637290
810428
981592
711821
649502
271359
907961
138590
217292
937260
579294
835602
355225
528434
616031
626217
394865
382248
911154
95584
939843
829993
663551
515620
789538
902792
427600
139153
276940
481458
220324
678757
838600
150943
551843
906373
123496
209076
772523
923884
900526
987257
733320
592492
24587
836914
813251
948002
453954
320028
997585
718139
62956
814469
47916
378716
272084
294280
700736
511667
774402
253541
909691
708824
773945
891591
230111
162121
802078
810260
498108
707033
178401
767694
977235
228414
949660
558446
191196
92757
974960
147309
993200
733406
549025
605586
203826
787233
139022
591532
374812
197547
326987
681500
87589
221494
288093
471370
340684
62566
312593
57848
658628
520560
327353
909939
806972
68373
769668
471333
153290
387404
91065
892104
600051
884734
169744
727989
216089
511723
259117
464859
382850
655274
398074
252107
474817
233869
570143
269999
17411
797539
95905
722843
612216
724118
523732
433979
176539
333941
754814
983340
289632
977165
718922
866344
213178
288624
952230
831449
276934
404183
700665
299726
438935
281571
911620
455627
59678
320447
666388
171898
727798
194338
47265
26624
762250
657137
819271
145899
504740
879745
330846
33415
816210
661562
207608
552016
119927
270359
104182
753089
