518533
378860
575555
539075
499149
787578
307980
256625
193635
437644
655963
56297
562587
951944
375241
282699
80822
578522
528334
469512
346829
584251
425666
946626
307559
878105
380992
764352
19881
621732
300327
711435
271981
789813
478586
239463
32555
949018
981031
905009
78227
941762
483621
545554
522877
827522
435190
557661
13112
489474
774540
138123
922623
155847
90568
16016
636042
726109
359965
759321
5632
899104
4499
979685
440521
524455
472936
292221
567042
962958
147473
785425
213834
34463
33246
365553
187449
857500
3579
374117
465905
311148
46866
838057
23308
362592
364942
962888
815157
482464
892859
924435
713554
207926
586569
921982
66847
351351
706864
284120
