405786
838519
435712
353196
568465
266884
968895
379784
296554
460221
275491
35702
644450
328703
938487
152533
329175
826865
901973
729516
5712
315269
480513
406075
582243
795549
474721
586989
244807
786634
509277
710891
811703
339055
481615
503370
943934
874180
1127
707620
542885
558455
2526
961412
351287
843564
5397
786043
95022
555813
778826
877839
45244
348221
76405
221331
382583
799695
456261
364562
353121
316788
838194
19429
534227
32808
92799
414628
419846
75662
282254
407545
902526
4042
647647
417232
355412
26380
884839
385579
868318
370093
751433
393873
391229
265841
385651
852390
540354
232045
843096
32150
607997
666370
899397
224043
647268
154503
810082
857663
736989
156741
169864
293323
936745
463771
953337
384733
836076
353922
687616
446056
488989
930667
565286
248245
804038
493445
338702
719800
520056
982810
299566
422397
793871
974489
179498
61825
951261
794478
465935
200798
669686
462669
647656
934238
45592
699022
134080
103984
553652
279091
698998
750967
950109
237317
417398
659904
521868
56731
902041
254476
773070
702716
997019
679564
37259
371484
502965
599659
349619
962243
450071
621445
400774
678539
6148
582837
928000
265416
952905
427659
920352
570626
950619
592733
618516
460509
38732
927220
53443
800922
601962
748456
872374
197814
308404
130886
707428
446256
182906
78957
894552
556712
622480
606776
170945
553827
517614
671573
470294
940139
498727
834420
940836
696339
578372
644572
217717
805593
196861
451927
795870
56164
626067
481934
750374
841132
100365
426479
639630
399096
796045
668362
629634
690627
779213
772859
264410
395064
76028
750978
608717
102429
366703
810671
280883
860876
224454
160312
223732
863707
269468
919725
212563
941981
499050
391682
945169
808386
724409
565707
808255
818073
323713
964359
585379
470710
281955
5715
817990
617519
667712
611200
104025
841728
924916
407934
820417
374414
192691
760311
768518
642185
754430
706424
901715
987178
885249
81162
982635
461340
121932
388319
387945
722679
498796
563368
251441
99303
273061
986243
613689
319723
552271
230610
257390
953593
762059
103207
818244
806720
66272
479899
661981
820037
719925
924414
773909
807023
416429
724840
283304
973470
242779
788526
231937
165621
518688
701873
972895
570728
259088
982118
629585
110717
5885
120128
179629
508870
834925
44782
472131
693217
632873
601455
330101
871000
694658
924043
259407
646338
379617
205052
70572
544953
524668
738362
101879
349747
902629
503010
691663
84223
12413
369282
975236
887518
743749
95683
400574
258812
341909
461107
634494
634249
192229
983407
166268
490745
608072
455786
76526
546836
739513
963420
144490
127994
522894
231881
848610
77623
917833
414700
198095
876543
303502
399744
94761
496070
385134
453676
524370
656830
776033
996809
657490
913006
567699
837201
484669
448876
797973
222373
942833
647159
781108
916666
350972
209139
587111
118818
263258
201921
514849
54003
112667
910650
348103
635862
650531
391049
170876
432429
811020
423842
487063
776034
711398
744995
580406
393801
929950
633989
816364
3569
695676
747454
237782
179404
47942
585975
923083
524920
610626
525797
140657
162921
198617
312327
419116
415157
804439
347578
794546
573692
408783
934844
15802
893298
523356
568891
958227
325579
739138
453209
55889
344258
775986
595583
128226
855685
930476
925531
454334
837440
984639
538935
330749
684548
770412
316599
776322
671188
143017
611055
258453
711244
359873
879903
102799
866415
749464
154700
355310
39307
685068
271867
557385
600267
383416
850765
531997
960409
826322
588914
344645
729837
98932
781003
62152
884727
33720
279840
172748
610533
916284
721083
520553
224401
268421
560543
61977
893899
226879
818024
859595
189310
84834
306112
199574
227585
979633
494139
353931
731260
639068
864144
338147
378229
17670
862005
432663
303158
844961
342742
875727
144349
724596
169585
811826
880000
470654
40081
686172
338554
494901
358372
762862
727447
360359
586363
437886
827864
816194
329951
499119
145315
213487
538314
83996
905738
738840
266889
571630
824822
312138
224364
813645
274159
453814
602214
587955
4683
318290
60168
811932
179058
130653
619925
629466
689610
565887
439105
909061
790147
457742
613515
938639
440640
54189
525108
827701
953184
881295
464218
105873
580841
331609
568950
237388
813969
625766
435694
660914
696616
578596
843992
121886
491493
288347
645517
496788
2699
402190
228837
937709
401463
264378
253460
604077
228105
580923
315296
825392
863213
995342
799102
693635
67781
449777
456521
991120
354036
160551
920350
291889
851146
784152
567574
122725
931591
216660
100257
308960
511758
361208
978107
588540
873768
869353
591694
369038
640881
400702
417188
386388
605219
107898
559367
695434
612732
209782
531640
748699
691791
808861
134920
464117
807653
313745
848533
106037
377741
397932
641188
613121
60295
742945
535128
555125
905161
648640
273997
695925
74156
789528
685460
24226
313718
923894
473163
429288
475076
339468
197847
441203
86164
741422
622785
920833
293997
455669
674026
539475
476587
534662
654700
390845
307115
286445
135823
12573
641103
604066
116581
402408
93358
936238
156291
203296
534811
713191
281692
432034
810384
260823
979323
584667
848248
644923
698844
63003
861334
522279
156840
989825
349397
870407
521740
733846
563628
254784
644277
404854
718957
885492
292202
223977
638251
395941
156421
742993
537030
271985
808783
984891
721941
87867
13623
413399
239022
975082
946863
997701
747348
692235
985380
90885
135614
292562
538200
556753
818624
68734
24093
196039
712537
79386
799663
234557
591768
625695
500271
333817
428395
733239
72888
997945
370629
495068
64480
233644
801515
396063
583693
28036
295260
191429
767217
428771
377051
671436
428515
186866
881626
459851
553563
523473
12805
201847
252874
841192
291879
376962
59092
194652
756093
804445
863211
773342
459862
910686
731081
648221
35
180797
301385
261019
88673
783353
680995
955677
141151
46616
710659
121788
164654
106827
820804
298521
821157
974383
600462
989614
532110
686640
189256
325631
494129
952520
940028
61999
844282
678758
308231
681390
679369
281321
525241
173328
223959
212619
792975
935545
821376
147739
909066
951477
98929
758562
429995
241956
964398
738727
550478
878482
832128
594063
696096
385829
964538
532380
150079
449967
62567
546006
130413
545764
929170
72583
698799
713253
11058
696287
910856
869115
552751
631736
717069
29919
124565
520372
389477
850549
273236
752515
958367
629785
517105
554689
656880
682898
81165
182780
100743
685476
928592
84691
115791
793090
284658
119097
501121
942303
1126
597273
487778
336421
493859
72724
7264
474751
478736
397990
407173
298321
913291
58598
952726
657223
648918
645164
681227
401995
174174
362061
429162
172112
628458
473089
990338
819660
685340
549670
992897
794754
24359
596509
63602
498557
691278
962706
275031
138521
811540
135514
187999
334394
730566
702517
926213
252384
766113
236146
645125
685011
522657
183858
466618
17144
228711
179204
450265
657478
998982
102128
243908
147922
750890
