898842
801915
734630
451513
737658
671857
305286
715223
866165
619093
873861
253430
414667
697031
397647
763684
129374
978335
205753
771971
425990
968913
335587
903813
706946
114748
9143
738247
163850
769167
177293
895495
598592
285656
959985
10308
916612
919339
229884
968241
604454
858795
551070
464469
536566
895288
726846
704450
177720
233909
724920
932975
856628
202228
163653
200244
761641
53441
921081
23074
828066
766536
199205
265149
418464
795620
472156
304984
783862
675524
643603
269835
706420
390140
31970
990098
654843
168422
808935
653765
192368
62835
732041
190767
863756
769042
221850
655630
987407
378618
700118
895591
949524
147480
811784
837059
341952
692048
638028
49033
370196
690738
232623
93433
175586
317627
60146
91907
713693
198277
664686
745666
80777
293068
718737
211800
668945
596253
954310
74726
886647
149533
500979
739752
657382
863475
328412
28012
488867
435923
497189
430765
627554
30056
78132
330384
514677
206749
905653
321466
986463
650825
3831
793676
680583
624629
9972
372092
206984
111818
242542
811473
395429
670428
102836
60027
659418
16077
587524
198860
602381
268191
465866
321047
998755
936410
321863
334819
537328
203798
341645
107660
312774
122918
814118
212023
812078
994209
545684
882928
302773
435662
741172
401762
445661
126187
472252
493554
304053
27354
916707
448504
4291
920681
919136
781658
87965
944828
91146
485127
50775
979097
163678
952717
100758
164624
423327
376024
924547
260613
895256
506312
885276
529116
311421
394413
491172
494079
157936
400034
762043
429775
499167
717955
982344
133220
752970
845004
918994
375171
941666
363599
824302
137371
993485
429714
25555
726524
383622
581699
176393
763541
540962
896344
594816
691880
843181
24071
935741
80972
840883
927775
520623
795358
211418
331842
384160
202438
824556
110783
745287
330721
43379
99856
297850
771664
494589
239725
656448
453660
985472
993610
560068
556036
655894
308340
427430
403046
305641
533252
106796
885702
199978
304637
768406
120765
445114
980808
224975
820416
856108
548617
29503
271500
335074
332445
805310
98859
839699
652210
747554
600678
888239
257348
944441
993928
372889
57776
772562
124106
539347
689142
65654
135968
482040
605136
190836
802591
818338
723113
181850
428681
184235
633980
974784
544375
69265
170698
309054
755105
688051
521399
842685
113741
831288
551170
711019
129746
613327
575903
487816
380616
858576
727539
832606
519567
256514
160684
238157
748472
871030
230906
291012
927443
521872
624685
62092
906134
809381
938284
263614
107430
865472
653199
158229
46213
847295
302298
307614
300121
570459
698839
916108
289493
297029
295311
128424
270022
423659
544100
705829
496636
715289
604750
211537
802067
49405
883248
917224
617821
555651
949718
23299
676205
488991
133646
263854
493955
654185
793312
395863
615759
72737
422506
809057
528484
343700
369053
563416
717626
21848
99150
754751
922207
153457
79994
790278
153852
2006
110873
438616
950272
650317
355997
699088
253675
957683
204103
41227
831673
516568
531302
850776
128553
52615
603630
323596
522344
707619
204977
630323
923807
706604
142460
858401
501014
169313
170577
382438
697091
684288
143676
320223
777267
746153
670356
821097
2516
773600
516240
826097
83357
769457
474435
935911
417626
640622
446709
408465
136599
441940
683232
275580
199144
414284
579652
124365
643796
468813
671975
316789
111388
235870
373101
998723
612587
809017
428559
286803
185051
163532
384699
57316
77409
360537
439496
846920
754391
234108
937044
