297724
181460
148457
13280
232454
259728
890426
203593
369682
612776
124042
39421
780048
750697
317673
497605
982471
536541
822805
757273
918721
926234
539383
875578
351527
989348
132358
556783
742567
393216
790538
745625
578961
401878
848059
604213
746369
480513
945736
92014
596919
726583
185587
277213
874755
701840
702233
404190
434331
333621
681168
548816
251535
382950
882281
904424
545875
313639
603860
415858
975803
964232
406883
136742
679046
457808
99111
647459
550993
158789
18422
338315
764716
573403
906382
555898
844682
357751
579028
805411
154386
66206
580725
310089
710802
311806
681582
43992
296659
481497
214950
761758
817479
94666
182776
792809
608607
929654
738383
562813
41977
76560
450411
320690
749495
560520
410880
668968
63787
770129
701373
367848
600302
511629
38826
927321
365008
120536
73002
78364
569193
588142
752800
596100
250190
717818
679726
236597
934752
37564
792537
688920
90494
687829
165384
702584
826074
144306
500971
340412
395753
173011
830393
701377
2932
180919
654417
973843
30348
200998
696386
972105
547610
706906
546470
124346
923476
724427
850217
245535
492684
30678
873320
182151
561379
972809
586804
794865
273882
432205
300021
645385
663753
145457
939947
807042
525032
359439
947984
4108
666698
171869
39962
980851
840490
940370
998876
758356
104670
278898
46668
103932
165352
245752
995807
628318
734956
697312
33168
10353
3003
278542
624576
549924
99597
840350
850616
794559
424334
811721
815562
242135
548175
684848
903829
659757
609949
25544
200998
174309
676271
556195
134140
930334
349048
27927
267172
723506
981917
41165
397763
734283
236225
805288
374642
951776
324795
308559
936451
676683
930089
62745
83938
333897
557662
601620
51543
642445
45878
594674
468264
226305
372619
346897
906460
116186
937984
706405
416730
53270
727418
468293
691183
639957
792687
802190
4462
774865
245590
660280
391601
367804
451006
441523
901950
10485
674171
799741
307974
317798
927163
342915
795655
719101
415926
599281
507984
610692
896708
628504
294628
71775
348104
96635
482808
453026
682250
649974
560919
662988
512611
132428
86054
243044
947601
570316
782017
847919
198634
767518
616323
826315
364526
917039
784037
363564
136885
378615
642430
382384
515015
150499
211816
113888
162122
309732
139651
259077
530390
122900
835155
629029
959909
698880
334085
450649
923366
165206
124943
872332
41712
311468
25076
856210
597652
841834
132391
780578
831115
763478
434503
857714
603534
588730
183241
476397
31941
704628
996852
129044
215703
714394
49093
950574
59552
266631
898994
784877
325632
798663
747788
359903
397200
183579
797629
275405
137456
389545
274225
302132
985724
61187
915090
307421
953565
291026
528683
342875
896635
59423
809198
869665
854288
325693
138832
308477
322904
865751
812434
730421
483493
489810
895003
835005
346639
239390
353729
694097
864520
232286
874215
951669
552397
574706
257344
889799
704888
602973
474930
483326
15090
859160
617941
542721
29447
895794
122010
851686
299218
359842
11785
198149
373655
191275
285346
426617
914927
901418
817253
150643
374558
455743
887278
959994
394368
139606
21880
543619
494178
921809
403010
928296
720430
488532
414990
142024
721086
74284
996614
955964
906449
313820
210362
817905
21467
652806
256516
841191
57142
865971
944845
956933
992631
774079
412456
173014
714524
179812
349083
603364
544097
710561
842047
934127
140081
48326
771453
71882
742073
770079
305528
810771
457497
669627
102025
988045
746228
181463
232997
661084
