622090
318604
730394
123835
57054
484510
959108
424179
979962
957488
841130
737426
783514
886974
858394
15781
589533
739484
230262
244771
490741
42819
135611
668617
279800
794493
526494
317462
461011
714344
354642
876576
804253
719082
316647
254802
649865
380721
117452
809411
975926
813541
496757
87283
146017
600685
563287
334180
339194
812571
229904
495251
555668
950069
909156
415249
847861
863585
299491
493187
294861
804140
875174
269810
206596
38199
92151
646672
937260
407614
979408
556168
326742
518086
792316
449024
921984
521571
444507
870766
857836
180451
932033
200532
660491
593947
173437
498713
538904
667403
426934
485574
947010
815472
485233
97113
161793
961319
495664
245577
875018
518393
812725
355480
397085
128711
930789
966670
585148
438547
829639
696919
475830
787304
611435
1595
940321
764072
94823
831733
305125
67184
629117
276403
531829
787689
82265
723370
359769
951982
106997
731218
153511
925269
725343
265157
945681
180508
30483
458288
563415
522098
820994
293747
190685
939807
278516
655259
565143
357072
636745
548921
811488
509315
111323
952543
275627
204619
403903
187318
134224
544001
259883
891199
262152
754759
591729
850148
83956
567418
377001
915834
578071
759219
739053
345686
923045
127546
648254
265801
400691
297289
339973
579705
450765
167352
582387
86301
120934
9033
121417
98132
123562
318418
220724
985315
502256
541891
377296
398025
691723
736659
709261
426945
432256
920908
366767
368276
181521
948271
964207
795672
325112
265413
110271
650953
595311
915203
243627
408641
683692
667737
88539
622615
440491
888919
773173
449170
853667
690684
955551
951433
64410
101597
412194
907672
88660
287663
89322
846528
976295
232625
164649
884572
950186
682552
16860
206396
42508
742488
973606
680608
756096
734764
389400
115539
601558
23043
270482
522337
658981
289895
741571
644598
435557
767691
932811
708116
32985
744016
802050
854640
461673
822772
420114
882218
449293
502232
679999
723048
664230
582828
221639
373966
96935
301689
58213
742491
965360
222794
93679
961123
743291
927736
850911
824100
378031
346065
782830
29000
926610
794596
844636
637239
860124
197676
333197
320277
175462
708759
669389
846303
897153
871729
227956
484637
800291
527794
81701
778565
577853
473760
708336
897900
867880
378210
107543
342889
531453
276387
797358
891016
159491
785695
638044
541160
795139
588749
738686
16242
98744
270697
8042
569206
208163
131869
501648
737124
533499
991947
589629
415907
330112
519034
381881
464913
619440
639258
544529
802072
626579
204661
332975
202537
77809
630133
700581
104984
676644
974860
518792
230932
837448
218947
105209
648641
47758
451491
494463
823604
157232
255162
360784
214410
104959
719882
695727
499237
567832
940628
688302
318789
450357
706812
885397
929151
660895
803033
144667
368284
109697
84059
18705
843472
606808
81817
409246
276
262215
146807
212261
132131
411079
597680
418947
577614
301436
924870
266996
495869
375714
267075
950165
339971
977126
681642
933956
976028
905617
128319
356515
371334
872095
791024
542652
547193
794222
124575
358718
526659
26450
579149
793382
444100
915845
548516
9721
388100
282748
540193
519789
740076
791189
7900
219624
949480
120363
671349
983648
8598
143692
614109
156513
456299
849858
521214
450285
677475
870158
331528
216957
760546
621171
574361
704550
669868
175918
138568
700055
119038
202051
444943
862271
40711
945138
867090
630347
253830
454345
753296
637773
600513
935635
817189
789688
595359
574318
985337
268168
576867
