512519
59918
141351
660315
52341
890150
866194
282603
818904
896284
798945
551970
877147
824677
348619
727916
608942
721609
537473
899365
720272
863587
980678
913001
883836
230533
757608
589190
915506
562872
532378
121427
765856
959456
347375
870746
784685
262782
252853
53616
805795
428176
724268
92646
827447
767123
970209
936792
851061
723945
812268
717026
727884
505749
690370
723315
883444
431778
810488
354041
542647
541475
662101
881212
233187
285654
262738
275207
292555
4130
59184
728192
98996
379712
203126
51993
867363
451766
897222
896031
255553
489469
370779
717168
70248
440772
107682
118922
66572
26125
324849
277758
277385
960950
148840
960643
304516
791698
473699
442726
641089
995126
221401
606623
155649
759248
664532
822847
767510
25712
120461
616774
624069
124907
447331
236114
494741
939092
590776
93489
177146
188843
455528
142103
688089
72146
406055
648235
474168
702394
458038
371388
298308
642077
113794
940881
348413
647076
956377
531421
49986
628520
123913
352913
264757
647061
747351
353996
162890
378603
472281
774830
346353
446238
646193
322698
774110
542046
467174
780153
11697
971377
906080
987467
732679
522875
829184
95385
63388
273760
922330
89590
853979
766784
115792
177540
259461
378401
213452
932642
941049
330859
909145
944131
460709
819212
452511
532378
354954
391419
194809
180273
846053
87002
109109
771993
770431
315957
938983
343804
130067
180712
386922
908174
156631
668572
622132
565474
821993
213169
246165
651801
256343
317304
730188
931317
831179
305495
317382
161868
202001
5264
181300
206167
346311
397659
287815
576682
611040
884655
474699
880190
808788
590368
192541
136938
25576
450722
708043
592881
194965
306539
801030
203764
226968
624503
277894
308232
512725
736741
432507
181602
621865
154047
402539
717679
577291
502103
537196
83648
20701
258764
356352
917091
717781
956716
964744
598285
644994
364083
208679
208371
925118
117938
325876
871863
547055
756683
535323
761727
245049
941592
264593
313826
135108
153132
719729
955196
837285
479345
547960
101665
961963
542576
427865
997998
899465
823536
511230
345787
373339
400693
424349
153900
324374
361066
58098
430887
391185
45401
410782
764576
723626
152790
455324
994767
122966
418556
428764
520387
637961
379791
42494
277265
172414
949057
684652
945828
55268
215824
981844
301944
90917
168204
439809
408098
211283
857142
711189
267847
73457
216644
856677
204269
910172
851074
353265
607086
53077
226386
592126
103112
999083
974164
536402
805906
728585
178720
944652
443978
625370
404336
47773
37129
611860
936923
325927
763031
903592
713084
455856
955483
464581
245873
48003
482603
706115
918527
148451
822530
222259
384787
738541
957967
734464
763684
683785
590698
558913
375604
227916
253409
135071
170612
488942
693169
902302
954119
30947
439760
458505
533727
937559
980711
39614
752260
878667
671262
632787
32499
540807
927439
561956
44259
123131
610652
470971
280738
46198
204956
974618
493342
96002
193136
33255
575936
218842
48116
683061
702003
88712
419089
229483
279107
392415
442160
905747
837472
582866
818057
907329
983425
815024
611289
993437
2341
675453
634098
207824
69044
929006
982188
665991
238341
634496
109561
568551
67257
201205
594839
551117
521092
565548
163934
605312
286604
446684
935353
526134
405161
641581
14833
8960
298637
710898
254437
747538
564733
57095
883350
92595
85117
641412
360863
134845
873994
107931
707330
321106
570689
836820
342556
452891
857117
373153
671355
967614
3550
949216
210758
5532
663364
846830
812250
91907
110202
183778
326070
750519
933584
890797
702092
770200
164769
274828
291192
174128
85652
28903
270924
706651
634557
209482
763018
29139
644387
172989
916203
575896
139421
487489
928284
6584
525845
618346
879880
535872
459566
247892
52432
654335
217602
66435
71576
366835
910916
486683
511163
718291
353797
448632
796830
103480
847442
416555
296098
475177
829050
744786
9971
23874
241068
485651
759485
195199
556095
412597
431423
630570
395276
840602
875128
220447
354870
865693
763901
145017
777226
188100
335532
289883
191745
694434
114555
49821
887522
78796
418282
207312
675972
495605
849367
41584
622130
404393
298800
832933
901479
96802
476994
626742
343992
384011
114288
413451
239249
32782
855936
760860
958615
884188
699600
816892
55085
426745
254694
966012
912338
65600
532196
44605
666472
302203
996442
64982
231824
104599
322486
29278
482608
670023
775126
757718
372694
687608
840062
815542
243126
598444
927461
578002
444879
852790
395818
464553
952108
463184
903972
528842
383623
883164
288215
680484
16136
592054
983042
504168
845227
763762
791189
977437
270975
563703
677247
78400
207818
646391
177894
947029
361994
329866
972784
361742
946582
361382
532478
968727
405859
987581
41913
988924
461475
147251
596292
702392
12424
757691
879505
295451
676583
988877
265615
366358
527479
321989
122817
85478
211000
149211
44138
613339
402544
384827
963877
702788
565840
435009
570769
434681
19062
591443
762601
205637
219148
980506
298801
352238
874253
227933
771340
766498
928552
933052
935019
808959
841789
312455
43296
762622
529988
495161
28048
321597
243533
944596
774151
17449
692194
498842
132966
22981
841608
634981
179959
592409
878116
265444
402785
449337
849595
937842
16503
72752
600978
641300
287722
61066
681652
783887
884063
635835
624402
405732
605979
789103
9348
214570
139291
793775
159726
120838
487105
780653
439038
956936
583528
328620
994577
338341
973208
923342
482229
455565
926997
724923
333705
432745
165522
543980
30465
52595
633283
286481
679238
446897
436560
292453
479866
370959
527781
766988
211033
145368
188326
228645
247227
387601
128704
351026
568118
735026
651035
58721
567456
24257
198379
975159
57969
930253
590950
821272
665607
421317
870608
161909
778756
759539
217010
919250
380306
358872
532137
438963
173383
992356
396698
159970
79011
643346
293827
258976
167222
115934
766893
349222
178847
162788
763582
228886
518319
740951
945706
797443
106795
292058
839178
556313
935408
487230
391493
333419
809265
571033
686186
76055
7133
151167
998880
743192
917020
24352
453492
482792
813431
890238
112274
96592
998423
795976
394639
675085
250277
653336
889251
838113
492625
109638
537460
307443
911854
224935
486029
155683
193915
476006
253997
985583
919165
970812
660988
156731
956551
944783
538841
751488
693020
600997
306318
70228
266923
910915
761445
549777
944888
517990
177620
775589
290652
721181
416147
630838
930723
936129
844495
406703
801619
94354
477559
656172
979404
259376
914227
142974
771147
782515
493940
438107
816648
747751
787430
394725
808576
710119
238402
814165
72781
775700
738753
188804
935664
827955
513131
735318
628401
570721
474829
271043
680605
457011
861513
438403
253295
401774
73608
707670
408073
143071
204682
138989
153697
631769
433181
112824
421241
774409
619052
433293
607686
505655
549935
84978
654322
787739
579072
510599
929277
602330
714574
767187
385982
297116
851242
409449
970056
548362
640383
575606
508392
312297
256478
