685254
609002
508709
526056
541380
305287
400634
823679
802977
318827
200704
423849
852522
298831
663685
496572
113666
102313
857028
933947
753615
209786
976992
685044
166932
88180
767373
352634
881375
42821
962190
212731
697625
974148
915736
876285
623483
863223
905238
149817
541856
925759
474758
257876
294965
4448
510657
329910
521548
658481
401815
339017
643216
117020
214552
554576
91155
165075
694832
947809
670403
711568
844138
424961
731708
538246
597333
175450
115511
717545
416964
473563
770143
599191
800174
161452
448836
728866
83830
659213
96617
214011
581638
324810
894199
45244
798868
652765
385045
493009
472711
562656
565775
114564
300146
205165
761651
560292
659262
586260
