362651
325359
928580
576454
479458
103871
353400
262711
921827
264137
443691
85927
405963
320069
337648
334701
305772
190678
47654
769097
385489
159791
102043
711901
344307
380771
12748
109068
215684
436937
309192
778414
210280
113160
188467
445549
866883
986117
471717
561663
422765
803238
54194
105472
415426
607105
745413
507115
528279
909862
147173
83509
154631
721029
814170
92934
767723
213118
950888
114708
783080
157508
455418
518814
123489
192940
448154
174786
315981
805784
244509
742652
784228
768570
898460
468604
430388
42951
922908
627811
179920
516346
699855
20377
467943
996674
78644
615053
920818
537546
484697
961994
627399
455586
159361
460019
633739
436623
623008
600859
