400994
324836
965669
784519
313490
525384
269365
322001
649495
455824
698900
678811
912688
249657
132743
159844
442637
313876
922149
562593
595286
574886
289443
591004
391237
284062
701067
762377
672494
924339
865420
779751
359071
432538
769258
524431
203554
543393
83478
50717
325023
836203
895640
617144
328030
63304
438312
418239
537259
185456
856349
261585
638994
914717
41981
798969
498890
432514
61747
824629
65582
778475
89054
231009
927974
42930
272645
528645
367972
446875
43049
117944
163146
628941
690419
480815
815914
929774
998157
881189
107621
362329
856013
589673
346868
888382
696971
315199
223109
906839
821523
44916
240701
447747
533046
978946
509596
579521
727355
33435
366271
965258
529779
437077
614846
841738
26602
361907
43125
879933
418361
902668
869984
572899
681593
850331
147040
375263
105362
765282
306202
354290
114737
567355
977023
296782
496536
17468
156134
326362
349647
35462
815700
389890
734648
256939
183070
634423
486144
643321
447078
145610
450034
151847
771649
346336
138789
474587
465721
607827
513302
835478
428526
338406
517840
748669
979799
126434
243911
417157
786534
890321
189381
217337
592202
784022
529212
572203
200398
522471
229690
997877
297694
609321
630842
514666
375018
596327
162582
348831
77283
307310
919258
982543
505763
785351
356981
102575
403753
154193
735433
683727
918913
83579
577249
691433
412227
770524
711298
153290
368818
178031
786970
160922
797636
394542
638293
792138
504641
724873
63119
544344
353284
235331
356324
477314
612318
29482
612898
45189
710874
907953
332960
587920
406044
360619
408552
892426
955491
508326
726671
421181
312877
864610
282726
571101
518650
854701
136201
617081
343080
922588
348244
739453
792509
772456
259766
516961
475780
298082
190749
321010
859150
487508
960977
666491
686809
289910
972637
837136
983055
83082
216039
170614
574821
247252
931169
78962
359908
768121
849240
200301
404229
989044
864490
690560
449972
847279
857877
540194
564791
409796
270890
942507
211240
321167
210016
554372
557086
834799
37124
885934
381866
602906
38030
170923
106749
640154
998672
425612
777063
833576
483527
713432
955450
382307
939860
395798
777741
925165
66308
323704
133532
395875
188107
97700
323149
708342
993488
530080
940238
898027
641314
34969
753689
388203
601160
902671
557593
146119
584053
691105
115047
404493
587866
17584
153645
755840
583446
176755
717547
412918
856649
634391
604888
237011
679238
185808
420128
275485
16102
219329
660684
28285
529913
997380
446848
604945
220824
335446
286045
233456
834390
676386
662535
40123
162901
675816
859072
273628
686836
99978
237939
475934
357414
760947
197645
588393
273694
304548
301638
930584
377446
381085
831550
455801
230543
109668
66946
155552
785283
325109
488429
786472
913014
156870
810155
262664
629179
598837
966873
863629
445875
800208
155912
467513
749408
19457
925089
202104
898196
417186
83835
536212
851815
49158
871732
451432
732717
528515
562284
348557
503134
117933
44356
468442
585919
995768
647686
673938
7241
514459
700391
587990
963513
370383
90779
311739
138355
452086
723285
614902
759187
854873
334170
762420
121234
848778
758593
508422
641490
454824
461065
195834
334471
918785
464598
437253
604545
655378
185930
907740
288602
855657
273148
499745
473784
478252
205464
7482
231871
225458
667283
669950
288598
919054
520073
597449
517205
934509
791540
104879
458440
282133
604171
639565
151138
800845
23861
151675
197250
993820
847592
334429
295002
447209
35939
29145
88322
155137
47172
991075
972952
913784
835974
579187
528401
849638
236251
220313
87521
186771
659874
75495
330307
64941
604165
652
256229
165621
959730
428288
425140
859195
967028
761755
731647
349182
290349
737217
678666
918709
862578
818872
550898
767659
464131
524314
34359
450629
616486
305381
960043
862175
828575
97456
942966
567445
572237
156793
199875
252574
917219
445081
936011
757202
477122
410840
600380
337740
486768
824349
229445
885610
506168
32382
214017
707633
190494
915126
37053
311246
164092
400820
46888
636407
981693
783760
132502
539632
14133
824984
543857
404138
19804
83273
84412
616389
735142
531738
956293
51958
823680
505905
238951
649348
551016
797497
498873
783533
824297
616907
247319
99813
397618
634953
677899
421246
176850
227530
285271
730531
202259
443887
601953
703870
443312
959380
599739
144250
747316
734178
882767
498274
363568
62594
845028
249896
844760
210732
822543
943234
903802
386141
178744
868463
347932
590503
61831
795672
230642
59298
432300
667857
158201
724928
28681
278590
234483
601919
224060
901523
664767
677239
812300
490867
316052
823763
999855
296954
448794
883484
532533
721878
50277
994737
81877
463312
34062
892307
611411
956393
462320
275421
649034
658463
725884
934097
605787
261071
828602
252941
119986
516404
514653
670428
484018
318861
386689
374504
853693
635869
637123
873165
803361
11596
728445
726090
231970
847339
855836
93713
775968
151637
504864
193918
985893
6128
189744
129892
942541
416723
713688
199746
248274
616962
169952
51924
312371
545684
743946
597574
958593
683574
311143
794243
703366
980616
606166
76012
959250
626853
252698
112933
25379
85312
572439
181449
933104
417449
630697
328189
504594
692463
277409
345890
777104
354400
201629
412836
294405
420780
699011
37232
975408
856232
343258
276162
428312
72878
418693
80220
98138
7009
893788
66194
21457
484302
148072
409602
252832
788590
81851
74210
360414
618888
316906
345074
650399
709939
871337
213072
426331
521593
323905
614250
102654
536087
950896
731981
705227
444450
13917
591964
499118
369155
199606
232605
842524
505315
291240
545838
829225
532962
585530
810581
838054
281792
247687
392565
834996
294430
6486
661467
625962
844383
396887
15672
361502
777193
966653
728618
493844
643976
804082
153522
541313
342641
780475
670538
846394
788515
365674
826576
81982
289769
566394
365083
481244
663356
8138
579503
759554
546054
15865
569291
131748
256130
220762
566559
315205
1279
40724
478490
727461
311683
816729
170658
805832
916684
755649
743709
299102
416114
739906
581292
168916
304296
491406
103672
785014
938209
81354
904740
883263
937103
885734
788130
956735
460678
833885
809186
997479
334400
968395
154788
416820
377145
831974
844462
651702
144827
923802
618906
380412
452340
38853
269575
882846
509187
460364
654128
812391
302673
277976
980377
939933
833564
185649
366437
851821
64335
545013
368005
438840
97229
237236
458955
277044
471821
119019
373468
854464
373087
494044
673412
602249
519181
819078
838372
272082
440989
534214
942150
590627
660786
120010
198609
795536
658130
87470
159640
676772
417346
860853
718284
172971
805325
248421
44498
201241
291300
997375
782320
859930
962591
504793
553952
87543
306337
762394
75847
504289
759578
928530
249023
257694
778087
920243
690384
562893
156948
975856
93502
378647
973057
770161
240508
988212
937506
306800
62206
773527
623264
775283
700588
969784
666717
803174
400050
262012
149653
907604
416244
519362
86495
75586
967263
249932
939347
