744154
928623
164755
4132
305309
980604
454113
990196
920025
677535
215231
663482
62416
630706
653927
73041
307738
199793
74714
568592
432562
524476
118781
970592
845211
1594
401676
467247
379181
476249
886719
342973
110656
806580
115896
246548
226995
278030
969637
789012
7130
594107
513976
9132
352578
87134
279680
479333
310113
670733
213796
978456
147423
548241
683004
57280
842235
609289
231308
751978
707228
419245
645534
830281
301877
865072
443451
804710
463891
869119
521926
800884
698118
800935
621108
190593
884649
736339
375467
990793
451408
591538
353142
147109
453518
172791
767971
720353
197536
456954
684986
512747
201786
301884
975066
202598
589995
53704
906545
188574
459183
491572
598359
41623
851665
947399
966216
434814
902651
71796
709436
950081
947420
657541
563813
103738
436980
832211
370373
350918
764479
951473
262505
425972
932091
151465
104325
634713
49816
230686
173549
567745
587388
75217
786222
52288
337328
874751
176263
190630
883754
618662
731655
95312
447031
337704
552452
717595
12741
445769
896885
781364
779466
936851
509933
946571
823893
897433
898932
500390
285231
319640
486532
375442
737773
503801
552349
704372
402453
738610
529477
979517
857899
313805
961824
990908
3863
360833
288871
809741
686452
556028
802376
385327
886263
105666
492571
335156
889914
472815
424956
635857
856036
207832
749385
134549
752183
48528
47993
480951
47542
890118
526551
485639
726385
313164
906522
591879
749999
526706
764707
841427
976310
395153
385875
230203
974265
818084
674374
311793
911967
442832
135215
803870
826796
356612
265104
992847
426382
600699
975063
66828
86470
322974
255568
208777
386673
262599
339019
945014
882802
67617
755787
470001
720254
268395
838952
769307
121604
161435
396610
496392
702071
608159
746914
354896
16057
251390
282286
931266
562022
477981
92041
447353
51641
460894
259781
291142
954271
930659
272134
958092
837462
204017
460852
943083
788354
284015
33628
553876
286796
384653
377444
188220
847927
749825
774441
154284
622337
596524
190775
550516
287794
709659
264932
799872
431172
60010
780873
907074
176366
723076
842718
691535
321679
185157
915057
843910
66100
531200
366467
484715
654278
122332
876159
735826
70099
414169
589976
222902
877495
218929
75581
276009
562022
797401
674236
893862
783705
804518
956016
342978
426195
820813
758376
914305
954319
752771
796182
478725
326536
440899
505713
600033
761188
477294
649384
762444
63550
159564
851842
512945
462415
814704
338199
977635
493496
955002
403428
349102
21742
213494
972175
58377
987266
421858
819320
535079
282572
409870
201848
327916
20467
209115
260025
337533
114524
990885
833586
661680
401837
424957
813501
44387
786557
920847
806998
7848
778330
823651
445106
239006
219766
77439
592442
666139
434670
770089
257186
781317
50232
661641
623211
73792
693865
435821
55921
430785
334817
693799
488753
687041
409300
892881
283
45774
258741
599153
784208
785404
471424
666167
441465
715512
492772
787747
123267
148540
593676
706115
443322
933470
648265
28762
922369
77636
584990
179165
896556
665394
561255
888022
584698
991620
259430
506988
413938
619191
840043
508730
163736
84833
324896
585819
744332
979137
981359
679559
368192
992497
824336
5206
734164
127224
816498
98212
538960
564220
750597
807054
634877
432980
30498
296728
648544
261628
295960
304176
941396
278754
6164
108941
969219
551453
108268
642354
987521
107069
325448
234831
891653
854973
399725
368006
137028
227221
789223
862859
765868
804652
790099
296740
407994
465067
400582
945296
273080
652909
259998
613828
840407
464210
606371
218256
381156
889395
783064
90721
200746
873583
793636
880543
367397
787812
948568
518454
825566
866938
364893
451379
639656
843161
713275
880836
869557
462907
601352
57442
31573
550235
707179
457162
462093
124301
131916
834342
864144
209767
339034
902539
599388
944861
482936
32668
171572
672619
253125
19915
279413
527339
615942
277759
932824
254918
856882
428754
419843
390855
658906
35313
475468
400651
265460
280999
534027
144405
233859
597491
586970
600894
452068
992021
817708
902601
912502
317032
93127
796820
464295
812969
822559
232619
457304
613845
826192
94967
944812
305393
979128
182036
883058
36451
153008
435008
664684
538814
680229
327599
330236
195163
40918
825979
640234
724642
916012
805560
498452
552296
321585
378150
802803
275186
884014
735679
371397
967000
68646
263729
746205
612421
46184
623910
610563
536603
325205
659774
25033
991731
952623
769054
848171
926210
532697
308258
19490
64855
798577
547182
775493
360768
421318
975586
546780
584333
977336
33259
991811
848108
366059
481846
779000
677875
947239
976256
729601
652925
441104
442698
15357
824107
181180
267496
137093
493644
130294
661815
844926
621015
307407
169390
917886
508629
779419
783310
505432
250716
82319
174579
843462
573621
904757
394189
644146
895647
821001
96104
309089
773165
506612
466854
139580
60810
851874
129999
402428
186013
261442
58943
135346
165831
406617
37886
203441
939401
876548
713004
458969
691331
680136
915995
457792
261719
842519
603319
52414
623980
728738
517088
623701
625103
761685
442072
572859
282739
156148
79256
924870
705561
601488
659517
345011
668491
330085
555360
64275
20482
580435
522691
339347
620327
543479
316326
546342
346166
581286
381178
220241
204927
82182
650221
505747
4807
22152
988516
413230
644043
633605
874311
816470
803236
613876
811509
758965
384070
532294
990936
309529
548322
811422
54036
24443
513964
507184
949273
196525
415095
523765
375641
670751
911995
196488
939091
354381
912441
526112
826700
162889
703925
149739
746335
349728
724002
478147
313516
713516
709340
504335
592812
222262
803151
648889
614309
905733
310133
183175
252728
60359
502076
579033
413528
338395
378501
579262
554709
373561
124873
412274
172374
592255
429334
303352
417062
85145
328183
56080
611941
442187
808434
294998
268063
442782
427755
940535
81273
938597
215078
754000
978823
565418
636714
602980
331195
980666
208832
959098
175609
918282
848795
604753
437829
121093
208465
554561
481310
506355
990408
859824
831268
165063
906796
93229
898484
209797
486620
639980
891092
15182
744676
325151
101002
536969
527397
653165
352519
606000
488657
17489
242177
200372
457811
878866
138078
458510
904331
44122
855820
773860
887159
960054
869805
999828
936749
384873
903472
871647
767364
810733
429051
434357
872915
676103
50756
489497
274641
211206
657983
496176
288732
213079
812593
906348
310037
464200
5348
465679
500904
584279
43123
666206
865705
445174
295813
403621
236890
687134
857174
788065
66313
391181
852337
530701
898582
217310
247866
780364
380115
121475
788583
826671
871428
54561
245839
371044
166021
665159
471963
342844
240267
79308
141593
705175
185282
755141
825455
51055
152150
373664
803628
920253
76110
527841
54010
949643
968210
731446
58416
851095
786253
530040
306244
495969
276397
786049
780638
597906
138119
986084
779783
137161
221528
444621
892544
206786
519527
246198
601135
792101
785798
110083
756980
