712426
747274
540622
354103
329089
210235
820733
578597
553005
427721
702818
837152
822946
414214
444139
968086
61565
131308
717312
170131
58514
971290
789472
449884
261648
141500
158361
119324
726163
258826
737700
262582
904071
656743
340954
701305
643443
320233
404311
109809
375529
267064
559018
658330
150793
928463
339126
257392
765613
461088
939496
828194
604916
765396
686996
392228
473198
798384
646831
319716
979489
113491
116771
308628
111606
593500
639507
680678
100035
127208
150315
706838
704438
959864
424162
644961
223514
752050
985231
566675
209353
323902
972069
440894
635247
996689
694093
257542
437366
128262
33630
522138
368211
667560
546684
131325
605357
671692
188810
646338
393253
246683
544333
907926
933510
136430
869278
193015
800395
146258
4619
417091
99335
925163
426124
213931
394997
653556
916893
492102
455580
714532
917948
128962
625183
784428
313665
413365
888159
983005
377493
433361
236237
132839
768720
651446
574159
727997
880627
361314
585934
740500
778751
512004
601178
750345
200944
670318
133051
192162
615833
501480
41877
226028
651037
762400
202038
38340
678343
747072
641984
253682
30663
89880
339374
944880
966922
605306
259460
472840
606580
735525
972503
191195
546685
671833
685430
899966
430821
817097
896372
996862
387925
38063
705683
626052
383572
199097
494991
181588
333474
230625
166660
776559
713141
913882
67644
906137
553677
146150
803097
165557
366390
352453
253595
121676
915866
690631
771023
54124
354688
454979
194581
655213
716773
305504
562316
995471
82293
399440
412124
639743
341286
183965
470751
523448
408178
85595
871469
544902
149423
344637
120450
940390
15500
688068
428110
797514
468714
765010
989914
553721
432148
470813
276242
469266
435933
776639
807347
228080
133845
340714
49809
998761
841319
660792
854533
16177
248082
892000
102067
911644
429762
182277
466228
395841
768970
320296
155108
475322
650881
524670
749321
562183
800566
44061
438558
461330
109073
179279
665852
823693
885191
814153
161572
291191
590713
949430
145131
247166
875050
514220
829250
645247
501019
159872
723553
8041
766981
910261
332304
225343
173554
439055
882450
213052
43961
901510
301614
870736
290772
777238
74715
102537
124063
738419
383239
84941
274992
804378
391044
940419
697293
119619
109136
564690
354382
751987
173119
65281
131152
538157
47047
943870
573523
891016
31400
1594
172145
165852
246838
694129
89660
270166
388868
680903
143154
789803
21615
723982
847519
346601
241540
509221
30096
320553
410895
462586
297071
187617
895553
505775
246592
808534
125244
2970
313079
692014
200319
482407
42483
990883
754601
912985
873819
86740
853291
41069
711636
32502
312015
306207
475932
80039
301791
125318
164870
552291
336819
685786
913042
593231
941275
433174
600168
277491
78565
344760
332017
198917
606155
890918
959187
888672
906044
19371
82311
584084
66245
591390
146776
480087
624860
944035
968185
576856
140169
33867
486659
784884
854258
688919
98827
912962
297089
313306
746397
231049
427571
958268
106775
388689
568832
38170
133475
941462
333091
876107
146258
353113
208261
337022
227474
107986
690186
213119
452748
344320
271287
143384
807068
539744
337213
440404
981742
256572
5799
815967
345905
203674
841373
153673
547195
18325
699027
965993
1145
91082
201873
842462
646865
430121
746015
328241
240598
248107
254860
916502
472999
295010
758491
181585
843749
18156
152523
383158
527694
57281
762434
690761
462331
364332
653205
670083
47602
259031
739830
71670
204777
862142
840571
168840
550296
385350
483719
948315
352889
499878
241367
357005
819423
398659
439275
642587
915312
272858
408526
567904
64065
526551
950916
484220
219212
159042
225232
325967
728336
964697
156959
862181
982406
64632
269844
787820
679483
481333
958577
913568
213775
441672
371999
670343
325064
486375
573914
914456
815507
524273
993595
570103
845017
49536
771811
127451
427898
337313
107521
208785
962409
283808
252033
308761
835300
642876
861330
210670
164686
839033
765521
531236
785642
989461
712855
117417
300662
752850
182428
616365
288354
716018
162694
932318
179052
779393
777810
430476
862873
235084
660701
87148
478161
36463
769680
216568
53144
791308
964134
467379
196389
928472
807772
218571
888673
941391
879476
757463
514813
763784
484645
116095
362416
469795
250274
873850
533580
270366
565701
996146
253372
859783
891032
362181
394204
918476
864192
161957
871157
798382
659399
152159
887763
132564
215044
796089
5829
653244
384297
243892
879217
390220
217897
257136
89809
894022
225540
623919
587278
178906
294320
942641
693495
330006
265510
45183
634142
307065
527302
124740
615439
739045
450151
316245
243246
733554
998271
623826
835116
96031
391020
517348
482726
19171
737693
266150
726106
857250
661471
440352
586502
650747
326280
627310
350367
117310
223034
601535
953451
187963
539028
557241
94715
666421
79227
662394
302089
907254
208448
831866
134698
782844
479983
39692
526703
854673
61427
835
445790
500856
611625
800881
289736
710595
891903
630027
205255
511810
280072
591976
764374
455190
167072
82920
235021
430051
315191
70321
420727
139875
250235
910229
635409
692312
820454
892496
994722
946073
531553
83821
269682
216526
482452
247239
379624
756023
615307
254253
412867
86118
152518
114719
23925
783181
134557
278965
91607
862514
317262
842079
697421
103615
928613
687367
926008
643061
452038
514579
739921
208641
454490
638598
593320
961127
584468
401862
12090
184795
258911
771256
275368
252270
53798
339271
534362
682277
140095
572100
103791
978150
968245
827432
84767
85644
970416
726516
373104
566682
325827
336761
855762
400331
38866
362420
639895
454599
5982
219153
218577
93682
748335
247440
834570
784287
74589
30405
725018
315874
162554
120249
210665
285443
917279
203758
62722
261391
344338
954048
432079
682632
618193
408487
882679
861948
47869
586777
219793
747955
354982
311245
543491
528962
383023
533081
660603
564540
157022
843708
912009
599048
448963
807416
726104
915278
910721
783128
581256
521227
990398
91216
607145
218821
157155
470721
428949
762520
914448
354715
996458
223342
987104
442909
403938
906509
458067
383224
29842
230346
183198
94929
941180
124251
672652
387942
558288
411914
898255
392136
465414
755910
962343
670726
704273
485076
219502
602474
496640
271586
537917
256797
255094
767996
618111
846245
364548
983576
424592
674575
528224
11659
109137
686440
374341
819422
839947
96805
672166
921596
943485
99042
253519
564610
463172
183751
733275
845113
891429
248199
738124
40480
543418
480130
432394
641889
840695
959243
552827
352998
43097
336323
11131
501701
794794
220068
58744
884119
268979
376602
863725
945766
458814
873419
785209
938052
97350
517432
717211
753976
799933
818811
966733
610516
673722
583344
665466
872098
58494
114928
342428
685309
75361
893305
308790
102331
330462
489065
788907
556168
931511
750441
973434
491918
663046
864167
869783
11408
310498
137275
569191
628566
956778
222635
630679
359107
225649
870154
814360
857218
840774
654395
922235
911519
