621243
315026
791783
964024
118436
913896
336861
681094
893405
604422
867274
789075
342107
654138
819
561809
952777
466187
719288
368686
551709
60771
813877
525514
324934
288342
410827
548946
893057
884307
541689
539902
137867
181926
957219
882019
543921
240807
455605
949109
430915
422723
755681
56285
478503
714660
250436
838451
831689
172096
578598
596761
674032
366651
592480
783219
972012
729082
348248
377542
423788
668293
455464
571884
215916
475928
131357
171825
27595
594055
230427
495630
161978
171467
916574
765439
820624
133357
83675
939267
82555
150733
525701
397040
645906
34767
191531
262320
968773
599331
166078
245084
940086
880688
921329
968819
663136
132573
904633
916343
