871198
624979
517158
467762
510177
418076
704497
607285
317838
98934
149856
854455
330571
11929
737084
79722
365901
76405
811088
103766
973216
839162
475709
111152
586131
103348
823931
14853
661636
310541
35244
121105
173636
369462
870814
524909
997734
251425
878686
87460
115625
279334
134195
342246
926783
90565
405182
813909
992121
87947
6828
448701
223762
618957
138325
935521
747477
784657
75636
541040
576235
891789
505155
400663
171781
459719
332147
8432
829026
123995
740677
994519
59005
501595
758536
374557
838871
854096
445039
222934
665564
735071
423118
623309
126005
979207
509489
25048
53097
291399
595033
990726
863280
295005
612628
453172
772118
337512
148088
735935
835913
560303
943420
996243
428095
562938
785138
850722
123654
612702
694693
816561
47785
62423
921099
44108
238652
825421
479847
310682
791621
997241
281918
159499
891975
629089
579379
125229
248300
815871
123137
103518
471822
774400
745365
692124
751458
453800
443078
208313
867137
528658
272306
965226
508692
656149
173558
22974
410204
983235
520841
224555
603228
864203
28854
368131
700515
602366
516404
198535
494906
339438
572515
550418
231846
283507
902821
411318
257114
207815
920407
755044
381244
759569
22379
976836
739090
416127
465891
915109
942089
141900
65580
517326
218018
953377
666133
211891
119161
857112
512746
89347
659699
89563
115505
211294
801604
969643
814720
452132
428379
188605
37305
270953
724842
354238
489764
985157
161685
585975
437095
972743
638902
273292
692900
387977
6603
374175
573103
94
219325
829522
541227
812200
896206
603625
992320
439495
702494
454989
406906
21228
373657
6124
842049
269835
512896
963134
483441
358895
267923
527971
306390
260839
356760
13544
791045
602462
313675
799465
919705
307592
725474
844240
119177
433337
592892
10171
57635
648784
985829
310780
203431
32592
235656
582394
806210
178127
402738
850548
946086
85894
753279
886566
654338
925705
85923
101956
344675
924818
152855
739363
123431
118390
302109
865143
786137
657593
559154
7223
813998
862525
266768
678045
104667
540821
479965
617865
106193
558583
64691
204997
798934
579920
676493
333283
140545
74674
433418
168067
783250
20777
749921
929969
485548
146603
319906
382571
238448
421357
302373
874624
670966
261202
512785
721875
417834
164990
124939
337983
922241
767753
182648
685909
27031
495248
253745
183872
161383
263397
639939
125066
436390
771942
283807
611575
944636
716843
882468
22223
927968
782489
196359
745913
145998
306579
237341
399427
979880
532369
465413
673086
758375
658248
520757
883014
968700
61961
389343
793056
640519
339494
996735
976764
501554
931662
90436
209241
623852
821946
44824
839560
735934
103744
773582
332488
938251
962309
644328
159568
663592
261776
254081
5932
943318
296569
536413
430271
518360
683776
710539
658023
694069
795706
313141
681853
265868
707813
580676
615419
946447
772829
30898
590585
12830
663976
974189
5392
264256
876715
334309
439903
877952
515840
180467
712300
505186
143967
993957
32482
827904
285496
273450
783160
814086
963043
849495
849971
160390
334447
39379
227778
479609
509335
838949
564231
405971
13779
355288
845749
746370
211082
739529
579092
66178
511140
520141
393121
710815
187454
608321
211859
274249
857591
969327
400697
541133
262503
169881
625855
682998
857776
720294
556368
411967
470508
845990
613141
922291
758918
387844
922011
432291
77284
604359
526546
550852
113602
950724
128625
658723
246426
787492
901879
958149
234047
438414
272717
655199
165962
492977
372616
604654
74539
174895
331274
341172
609505
603945
262408
746129
153604
197475
666662
916410
326591
965588
934717
958488
908124
185293
358591
922239
33208
855875
761074
920137
34645
782267
512600
790287
993614
93521
477680
44291
168357
138724
852564
982573
131448
863713
696579
906688
474387
360171
447033
624920
176735
923428
630523
540243
418871
92699
300975
148169
421915
827410
915879
469481
389565
620138
889726
665457
126265
5677
990555
957897
818594
906360
69651
416893
663352
176515
112043
86038
883765
658255
137466
621011
641094
297898
920301
908553
640279
668002
480293
352788
52999
208644
808955
746617
828411
689103
653603
641434
184974
424186
899630
201876
785190
362015
902953
611833
212386
690435
627555
858533
459951
342210
81804
155583
247098
624988
241209
866126
849536
686038
761669
173365
113409
867918
541969
686029
951570
173791
390315
893661
658258
891052
822540
304952
253428
15117
582395
482676
654332
687764
396624
554434
200005
967227
377363
672623
589438
972779
678851
552758
246133
943467
592754
202559
903371
967203
356557
572344
233288
932684
398394
41743
365831
532855
623002
683529
236434
109750
424430
357634
944968
121323
376150
522241
319931
637483
65587
625527
205206
679118
413102
684501
291131
347477
136850
892807
62443
796537
511637
669840
574367
682956
31604
199107
598835
312526
604732
565595
770306
386255
174948
335032
796237
440635
845975
15222
848276
341511
291345
682668
185735
843831
833951
77950
873494
43913
195656
994528
778405
801921
880650
543271
182811
500114
593853
642573
834970
168230
180885
907137
552521
236811
561795
77929
624396
64250
937530
58421
680213
760708
238095
260257
692116
226139
298105
815943
725194
810298
990520
498910
877435
64882
396115
99283
877058
243474
750073
385794
260926
199411
858953
918993
503786
676701
27629
115049
544715
945689
44193
809042
343362
521749
64402
542570
756481
511085
908449
731074
147034
717212
733318
728982
544307
844670
763154
639270
44182
329153
907468
725429
418789
772648
544573
684317
675051
127803
803208
931981
507341
883663
658993
995425
675039
85677
550910
149596
823443
850338
483322
497925
532300
825635
572182
967963
21968
153882
53035
665525
857180
847121
210843
371067
45266
674682
415509
902843
176078
952344
997494
117737
61462
442254
94029
365750
858415
15490
395831
906507
224460
386478
97705
977698
103010
185347
294156
6977
163159
880378
336771
731541
532760
189304
410184
933415
649354
152540
179956
627645
351064
929705
995485
850639
260651
582667
758041
84516
722936
847688
671841
809609
810611
437188
716114
753326
444001
32816
919053
458973
223051
393553
9405
111000
175246
890920
858680
545293
635663
451780
454079
128696
975821
483488
552736
857814
98383
355897
119483
753217
985404
891377
767969
446957
100041
179289
495511
916989
413132
93919
115643
959299
922160
795027
23550
896467
333954
499223
964751
357250
813351
921699
425753
912448
316464
688115
34082
812111
731910
405070
391252
927839
238976
598642
205465
197192
969363
672545
565471
466339
653097
184258
829179
419909
652170
71926
682794
884057
342903
237240
192754
616921
385302
971504
768358
639273
111559
672852
414473
588176
138196
979643
286474
547988
366471
378816
389614
464816
957846
154383
609164
567604
544762
914319
992881
46330
148254
927276
573284
600384
792242
47744
1347
623015
839262
528029
226316
909511
415764
805369
973048
21356
590910
242935
44993
91762
217943
467662
653765
530168
599190
190744
339842
329284
860228
